0 0.000000000000000 0.000000000000000 0.000000000000000 44.000000000000000
Die
1 0.000000000000000 0.000000000000000 0.000000000000000 44.000000000000000
Die
2 0.000000000000000 0.000000000000000 0.000000000000000 45.000000000000000
Die
3 0.000000000000000 0.000000000000000 0.000000000000000 45.000000000000000
Die
4 0.000000000000000 0.000000000000000 0.000000000000000 45.000000000000000
Die
5 0.000000000000000 0.000000000000000 0.000000000000000 45.000000000000000
Die
6 0.000000000000000 0.000000000000000 0.000000000000000 45.000000000000000
Die
7 0.000000000000000 0.000000000000000 0.000000000000000 45.000000000000000
Die
8 0.000000000000000 0.000000000000000 0.000000000000000 45.000000000000000
Die
9 0.000000000000000 0.000000000000000 0.000000000000000 44.000000000000000
Die
10 0.000000000000000 0.000000000000000 0.000000000000000 44.000000000000000
Die
11 0.000000000000000 0.000000000000000 0.000000000000000 35.000000000000000
Die
12 0.000000000000000 0.000000000000000 0.000000000000000 35.000000000000000
Die
13 0.000000000000000 0.000000000000000 0.000000000000000 35.000000000000000
Die
14 0.000000000000000 0.000000000000000 0.000000000000000 35.000000000000000
Die
15 0.000000000000000 0.000000000000000 0.000000000000000 35.000000000000000
Die
16 0.000000000000000 0.000000000000000 0.000000000000000 35.000000000000000
Die
17 0.000000000000000 0.000000000000000 0.000000000000000 35.000000000000000
Die
18 0.000000000000000 0.000000000000000 0.000000000000000 35.000000000000000
Die
19 0.000000000000000 0.000000000000000 0.000000000000000 35.000000000000000
Die
20 0.000000000000000 0.000000000000000 0.000000000000000 35.000000000000000
Die
21 0.000000000000000 0.000000000000000 0.000000000000000 35.000000000000000
Die
22 0.000000000000000 0.000000000000000 0.000000000000000 35.000000000000000
Die
23 0.000000000000000 0.000000000000000 0.000000000000000 35.000000000000000
Die
24 0.000000000000000 0.000000000000000 0.000000000000000 35.000000000000000
Die
25 0.000000000000000 0.000000000000000 0.000000000000000 35.000000000000000
Die
26 0.000000000000000 0.000000000000000 0.000000000000000 35.000000000000000
Die
27 0.000000000000000 0.000000000000000 0.000000000000000 32.000000000000000
Die
28 0.000000000000000 0.000000000000000 0.000000000000000 32.000000000000000
Die
29 0.000000000000000 0.000000000000000 0.000000000000000 32.000000000000000
Die
30 0.000000000000000 0.000000000000000 0.000000000000000 35.000000000000000
Die
31 0.000000000000000 0.000000000000000 0.000000000000000 35.000000000000000
Die
32 0.000000000000000 0.000000000000000 0.000000000000000 35.000000000000000
Die
33 0.000000000000000 0.000000000000000 0.000000000000000 35.000000000000000
Die
34 0.000000000000000 0.000000000000000 0.000000000000000 35.000000000000000
Die
35 0.000000000000000 0.000000000000000 0.000000000000000 35.000000000000000
Die
36 0.000000000000000 0.000000000000000 0.000000000000000 35.000000000000000
Die
37 0.000000000000000 0.000000000000000 0.000000000000000 35.000000000000000
Die
38 0.000000000000000 0.000000000000000 0.000000000000000 35.000000000000000
Die
39 0.000000000000000 0.000000000000000 0.000000000000000 35.000000000000000
Die
40 0.000000000000000 0.000000000000000 0.000000000000000 35.000000000000000
Die
41 0.000000000000000 0.000000000000000 0.000000000000000 35.000000000000000
Die
42 0.000000000000000 0.000000000000000 0.000000000000000 36.000000000000000
Die
43 0.000000000000000 0.000000000000000 0.000000000000000 45.000000000000000
Die
44 55.000000000000000 0.000000000000000 0.000000000000000 55.000000000000000
45 55.000000000000000 0.000000000000000 0.000000000000000 55.000000000000000
46 55.000000000000000 0.000000000000000 0.000000000000000 55.000000000000000
47 55.000000000000000 0.000000000000000 0.000000000000000 55.000000000000000
48 55.000000000000000 0.000000000000000 0.000000000000000 55.000000000000000
49 55.000000000000000 0.000000000000000 0.000000000000000 55.000000000000000
50 58.000000000000000 0.000000000000000 0.000000000000000 58.000000000000000
51 58.000000000000000 0.000000000000000 0.000000000000000 58.000000000000000
52 58.000000000000000 0.000000000000000 0.000000000000000 58.000000000000000
53 58.000000000000000 0.000000000000000 0.000000000000000 58.000000000000000
54 58.000000000000000 0.000000000000000 0.000000000000000 58.000000000000000
55 58.000000000000000 0.000000000000000 0.000000000000000 58.000000000000000
56 58.000000000000000 0.000000000000000 0.000000000000000 58.000000000000000
57 59.000000000000000 0.000000000000000 0.000000000000000 59.000000000000000
58 59.000000000000000 0.000000000000000 0.000000000000000 59.000000000000000
59 59.000000000000000 0.000000000000000 0.000000000000000 59.000000000000000
60 59.000000000000000 0.000000000000000 0.000000000000000 59.000000000000000
61 59.000000000000000 0.000000000000000 0.000000000000000 59.000000000000000
62 59.000000000000000 0.000000000000000 0.000000000000000 59.000000000000000
63 59.000000000000000 0.000000000000000 0.000000000000000 59.000000000000000
64 59.000000000000000 0.000000000000000 0.000000000000000 59.000000000000000
65 59.000000000000000 0.000000000000000 0.000000000000000 59.000000000000000
66 59.000000000000000 0.000000000000000 0.000000000000000 59.000000000000000
67 59.000000000000000 0.000000000000000 0.000000000000000 59.000000000000000
68 59.000000000000000 0.000000000000000 0.000000000000000 59.000000000000000
69 59.000000000000000 0.000000000000000 0.000000000000000 59.000000000000000
70 59.000000000000000 0.000000000000000 0.000000000000000 59.000000000000000
71 59.000000000000000 0.000000000000000 0.000000000000000 59.000000000000000
72 59.000000000000000 0.000000000000000 0.000000000000000 59.000000000000000
73 59.000000000000000 0.000000000000000 0.000000000000000 59.000000000000000
74 59.000000000000000 0.000000000000000 0.000000000000000 59.000000000000000
75 59.000000000000000 0.000000000000000 0.000000000000000 59.000000000000000
76 59.000000000000000 0.000000000000000 0.000000000000000 59.000000000000000
77 59.000000000000000 0.000000000000000 0.000000000000000 59.000000000000000
78 59.000000000000000 0.000000000000000 0.000000000000000 59.000000000000000
79 59.000000000000000 0.000000000000000 0.000000000000000 59.000000000000000
80 59.000000000000000 0.000000000000000 0.000000000000000 59.000000000000000
81 59.000000000000000 0.000000000000000 0.000000000000000 59.000000000000000
82 59.000000000000000 0.000000000000000 0.000000000000000 59.000000000000000
83 59.000000000000000 0.000000000000000 0.000000000000000 59.000000000000000
84 59.000000000000000 0.000000000000000 0.000000000000000 59.000000000000000
85 59.000000000000000 0.000000000000000 0.000000000000000 59.000000000000000
86 59.000000000000000 0.000000000000000 0.000000000000000 59.000000000000000
87 59.000000000000000 0.000000000000000 0.000000000000000 59.000000000000000
88 59.000000000000000 0.000000000000000 0.000000000000000 59.000000000000000
89 59.000000000000000 0.000000000000000 0.000000000000000 59.000000000000000
90 59.000000000000000 0.000000000000000 0.000000000000000 59.000000000000000
91 59.000000000000000 0.000000000000000 0.000000000000000 59.000000000000000
92 59.000000000000000 0.000000000000000 0.000000000000000 59.000000000000000
93 59.000000000000000 0.000000000000000 0.000000000000000 59.000000000000000
94 59.000000000000000 0.000000000000000 0.000000000000000 59.000000000000000
95 59.000000000000000 0.000000000000000 0.000000000000000 59.000000000000000
96 59.000000000000000 0.000000000000000 0.000000000000000 59.000000000000000
97 59.000000000000000 0.000000000000000 0.000000000000000 59.000000000000000
98 59.000000000000000 0.000000000000000 0.000000000000000 59.000000000000000
99 59.000000000000000 0.000000000000000 0.000000000000000 59.000000000000000
100 59.000000000000000 0.000000000000000 0.000000000000000 59.000000000000000
101 59.000000000000000 0.000000000000000 0.000000000000000 59.000000000000000
102 59.000000000000000 0.000000000000000 0.000000000000000 59.000000000000000
103 59.000000000000000 0.000000000000000 0.000000000000000 59.000000000000000
104 59.000000000000000 0.000000000000000 0.000000000000000 59.000000000000000
105 59.000000000000000 0.000000000000000 0.000000000000000 59.000000000000000
106 59.000000000000000 0.000000000000000 0.000000000000000 59.000000000000000
107 59.000000000000000 0.000000000000000 0.000000000000000 59.000000000000000
108 59.000000000000000 0.000000000000000 0.000000000000000 59.000000000000000
109 59.000000000000000 0.000000000000000 0.000000000000000 59.000000000000000
110 59.000000000000000 0.000000000000000 0.000000000000000 59.000000000000000
111 59.000000000000000 0.000000000000000 0.000000000000000 59.000000000000000
112 59.000000000000000 0.000000000000000 0.000000000000000 59.000000000000000
113 59.000000000000000 0.000000000000000 0.000000000000000 59.000000000000000
114 59.000000000000000 0.000000000000000 0.000000000000000 59.000000000000000
115 59.000000000000000 0.000000000000000 0.000000000000000 59.000000000000000
116 59.000000000000000 0.000000000000000 0.000000000000000 59.000000000000000
117 59.000000000000000 0.000000000000000 0.000000000000000 59.000000000000000
118 59.000000000000000 0.000000000000000 0.000000000000000 59.000000000000000
119 59.000000000000000 0.000000000000000 0.000000000000000 59.000000000000000
120 59.000000000000000 0.000000000000000 0.000000000000000 59.000000000000000
121 59.000000000000000 0.000000000000000 0.000000000000000 59.000000000000000
122 59.000000000000000 0.000000000000000 0.000000000000000 59.000000000000000
123 59.000000000000000 0.000000000000000 52.000000000000000 59.000000000000000
124 59.000000000000000 0.000000000000000 55.000000000000000 59.000000000000000
Die
125 59.000000000000000 0.000000000000000 0.000000000000000 59.000000000000000
126 59.000000000000000 0.000000000000000 0.000000000000000 59.000000000000000
127 59.000000000000000 0.000000000000000 0.000000000000000 59.000000000000000
128 59.000000000000000 0.000000000000000 0.000000000000000 59.000000000000000
129 59.000000000000000 0.000000000000000 0.000000000000000 59.000000000000000
130 59.000000000000000 0.000000000000000 0.000000000000000 59.000000000000000
131 59.000000000000000 0.000000000000000 0.000000000000000 59.000000000000000
132 59.000000000000000 0.000000000000000 0.000000000000000 59.000000000000000
133 59.000000000000000 0.000000000000000 0.000000000000000 59.000000000000000
134 59.000000000000000 0.000000000000000 0.000000000000000 59.000000000000000
135 59.000000000000000 0.000000000000000 0.000000000000000 59.000000000000000
136 59.000000000000000 0.000000000000000 0.000000000000000 59.000000000000000
137 59.000000000000000 0.000000000000000 0.000000000000000 59.000000000000000
138 59.000000000000000 0.000000000000000 0.000000000000000 59.000000000000000
139 59.000000000000000 0.000000000000000 0.000000000000000 59.000000000000000
140 59.000000000000000 0.000000000000000 0.000000000000000 59.000000000000000
141 59.000000000000000 0.000000000000000 0.000000000000000 59.000000000000000
142 59.000000000000000 0.000000000000000 0.000000000000000 59.000000000000000
143 59.000000000000000 0.000000000000000 0.000000000000000 59.000000000000000
144 59.000000000000000 0.000000000000000 0.000000000000000 59.000000000000000
145 59.000000000000000 0.000000000000000 0.000000000000000 59.000000000000000
146 59.000000000000000 0.000000000000000 0.000000000000000 59.000000000000000
147 59.000000000000000 0.000000000000000 0.000000000000000 59.000000000000000
148 59.000000000000000 0.000000000000000 0.000000000000000 59.000000000000000
149 59.000000000000000 0.000000000000000 0.000000000000000 59.000000000000000
150 59.000000000000000 0.000000000000000 0.000000000000000 59.000000000000000
151 59.000000000000000 0.000000000000000 0.000000000000000 59.000000000000000
152 59.000000000000000 0.000000000000000 0.000000000000000 59.000000000000000
153 59.000000000000000 0.000000000000000 0.000000000000000 59.000000000000000
154 59.000000000000000 0.000000000000000 0.000000000000000 59.000000000000000
155 59.000000000000000 0.000000000000000 0.000000000000000 59.000000000000000
156 59.000000000000000 0.000000000000000 0.000000000000000 59.000000000000000
157 59.000000000000000 0.000000000000000 0.000000000000000 59.000000000000000
158 59.000000000000000 0.000000000000000 0.000000000000000 59.000000000000000
159 59.000000000000000 0.000000000000000 0.000000000000000 59.000000000000000
160 59.000000000000000 0.000000000000000 0.000000000000000 59.000000000000000
161 59.000000000000000 0.000000000000000 0.000000000000000 59.000000000000000
162 59.000000000000000 0.000000000000000 0.000000000000000 59.000000000000000
163 59.000000000000000 0.000000000000000 0.000000000000000 59.000000000000000
164 59.000000000000000 0.000000000000000 0.000000000000000 59.000000000000000
165 59.000000000000000 0.000000000000000 0.000000000000000 59.000000000000000
166 59.000000000000000 0.000000000000000 0.000000000000000 59.000000000000000
167 59.000000000000000 0.000000000000000 0.000000000000000 59.000000000000000
168 59.000000000000000 0.000000000000000 0.000000000000000 59.000000000000000
169 59.000000000000000 0.000000000000000 0.000000000000000 59.000000000000000
170 59.000000000000000 0.000000000000000 0.000000000000000 59.000000000000000
171 59.000000000000000 0.000000000000000 0.000000000000000 59.000000000000000
172 59.000000000000000 0.000000000000000 0.000000000000000 59.000000000000000
173 59.000000000000000 0.000000000000000 0.000000000000000 59.000000000000000
174 59.000000000000000 0.000000000000000 0.000000000000000 59.000000000000000
175 59.000000000000000 0.000000000000000 52.000000000000000 59.000000000000000
176 59.000000000000000 0.000000000000000 54.000000000000000 59.000000000000000
177 59.000000000000000 0.000000000000000 58.000000000000000 59.000000000000000
Die
178 59.000000000000000 0.000000000000000 0.000000000000000 59.000000000000000
179 59.000000000000000 0.000000000000000 0.000000000000000 59.000000000000000
180 59.000000000000000 0.000000000000000 0.000000000000000 59.000000000000000
181 59.000000000000000 0.000000000000000 0.000000000000000 59.000000000000000
182 59.000000000000000 0.000000000000000 0.000000000000000 59.000000000000000
183 59.000000000000000 0.000000000000000 0.000000000000000 59.000000000000000
184 59.000000000000000 0.000000000000000 0.000000000000000 59.000000000000000
185 59.000000000000000 0.000000000000000 0.000000000000000 59.000000000000000
186 59.000000000000000 0.000000000000000 0.000000000000000 59.000000000000000
187 59.000000000000000 0.000000000000000 0.000000000000000 59.000000000000000
188 59.000000000000000 0.000000000000000 0.000000000000000 59.000000000000000
189 57.000000000000000 0.000000000000000 0.000000000000000 57.000000000000000
190 57.000000000000000 0.000000000000000 0.000000000000000 57.000000000000000
191 57.000000000000000 0.000000000000000 0.000000000000000 57.000000000000000
192 57.000000000000000 0.000000000000000 0.000000000000000 57.000000000000000
193 59.000000000000000 0.000000000000000 0.000000000000000 59.000000000000000
194 59.000000000000000 0.000000000000000 0.000000000000000 59.000000000000000
195 59.000000000000000 0.000000000000000 0.000000000000000 59.000000000000000
196 59.000000000000000 0.000000000000000 0.000000000000000 59.000000000000000
197 59.000000000000000 0.000000000000000 0.000000000000000 59.000000000000000
198 59.000000000000000 0.000000000000000 0.000000000000000 59.000000000000000
199 59.000000000000000 0.000000000000000 0.000000000000000 59.000000000000000
200 59.000000000000000 0.000000000000000 0.000000000000000 59.000000000000000
201 59.000000000000000 0.000000000000000 0.000000000000000 59.000000000000000
202 59.000000000000000 0.000000000000000 0.000000000000000 59.000000000000000
203 59.000000000000000 0.000000000000000 0.000000000000000 59.000000000000000
204 59.000000000000000 0.000000000000000 0.000000000000000 59.000000000000000
205 59.000000000000000 0.000000000000000 0.000000000000000 59.000000000000000
206 59.000000000000000 0.000000000000000 0.000000000000000 59.000000000000000
207 59.000000000000000 0.000000000000000 0.000000000000000 59.000000000000000
208 59.000000000000000 0.000000000000000 0.000000000000000 59.000000000000000
209 59.000000000000000 0.000000000000000 0.000000000000000 59.000000000000000
210 59.000000000000000 0.000000000000000 0.000000000000000 59.000000000000000
211 59.000000000000000 0.000000000000000 0.000000000000000 59.000000000000000
212 59.000000000000000 0.000000000000000 0.000000000000000 59.000000000000000
213 59.000000000000000 0.000000000000000 0.000000000000000 59.000000000000000
214 59.000000000000000 0.000000000000000 0.000000000000000 59.000000000000000
215 59.000000000000000 0.000000000000000 0.000000000000000 59.000000000000000
216 59.000000000000000 0.000000000000000 0.000000000000000 59.000000000000000
217 59.000000000000000 0.000000000000000 0.000000000000000 59.000000000000000
218 59.000000000000000 0.000000000000000 0.000000000000000 59.000000000000000
219 59.000000000000000 0.000000000000000 0.000000000000000 59.000000000000000
220 59.000000000000000 0.000000000000000 0.000000000000000 59.000000000000000
221 59.000000000000000 0.000000000000000 0.000000000000000 59.000000000000000
222 59.000000000000000 0.000000000000000 0.000000000000000 59.000000000000000
223 59.000000000000000 0.000000000000000 0.000000000000000 59.000000000000000
224 59.000000000000000 0.000000000000000 0.000000000000000 59.000000000000000
225 59.000000000000000 0.000000000000000 0.000000000000000 59.000000000000000
226 59.000000000000000 0.000000000000000 0.000000000000000 59.000000000000000
227 59.000000000000000 0.000000000000000 0.000000000000000 59.000000000000000
228 59.000000000000000 0.000000000000000 0.000000000000000 59.000000000000000
229 59.000000000000000 0.000000000000000 0.000000000000000 59.000000000000000
230 59.000000000000000 0.000000000000000 0.000000000000000 59.000000000000000
231 59.000000000000000 0.000000000000000 0.000000000000000 59.000000000000000
232 59.000000000000000 0.000000000000000 0.000000000000000 59.000000000000000
233 59.000000000000000 0.000000000000000 0.000000000000000 59.000000000000000
234 59.000000000000000 0.000000000000000 0.000000000000000 59.000000000000000
235 59.000000000000000 0.000000000000000 0.000000000000000 59.000000000000000
236 59.000000000000000 0.000000000000000 0.000000000000000 59.000000000000000
237 59.000000000000000 0.000000000000000 0.000000000000000 59.000000000000000
238 59.000000000000000 0.000000000000000 0.000000000000000 59.000000000000000
239 59.000000000000000 0.000000000000000 0.000000000000000 59.000000000000000
240 59.000000000000000 0.000000000000000 0.000000000000000 59.000000000000000
241 59.000000000000000 0.000000000000000 0.000000000000000 59.000000000000000
242 59.000000000000000 0.000000000000000 0.000000000000000 59.000000000000000
243 59.000000000000000 0.000000000000000 0.000000000000000 59.000000000000000
244 59.000000000000000 0.000000000000000 0.000000000000000 59.000000000000000
245 59.000000000000000 0.000000000000000 0.000000000000000 59.000000000000000
246 59.000000000000000 0.000000000000000 0.000000000000000 59.000000000000000
247 59.000000000000000 0.000000000000000 53.000000000000000 59.000000000000000
248 59.000000000000000 0.000000000000000 55.000000000000000 59.000000000000000
249 59.000000000000000 0.000000000000000 58.000000000000000 59.000000000000000
Die
250 59.000000000000000 0.000000000000000 0.000000000000000 59.000000000000000
251 59.000000000000000 0.000000000000000 0.000000000000000 59.000000000000000
252 59.000000000000000 0.000000000000000 0.000000000000000 59.000000000000000
253 59.000000000000000 0.000000000000000 0.000000000000000 59.000000000000000
254 59.000000000000000 0.000000000000000 0.000000000000000 59.000000000000000
255 59.000000000000000 0.000000000000000 0.000000000000000 59.000000000000000
256 59.000000000000000 0.000000000000000 0.000000000000000 59.000000000000000
257 59.000000000000000 0.000000000000000 0.000000000000000 59.000000000000000
258 59.000000000000000 0.000000000000000 0.000000000000000 59.000000000000000
259 59.000000000000000 0.000000000000000 0.000000000000000 59.000000000000000
260 59.000000000000000 0.000000000000000 0.000000000000000 59.000000000000000
261 59.000000000000000 0.000000000000000 0.000000000000000 59.000000000000000
262 59.000000000000000 0.000000000000000 0.000000000000000 59.000000000000000
263 59.000000000000000 0.000000000000000 0.000000000000000 59.000000000000000
264 59.000000000000000 0.000000000000000 0.000000000000000 59.000000000000000
265 59.000000000000000 0.000000000000000 0.000000000000000 59.000000000000000
266 59.000000000000000 0.000000000000000 0.000000000000000 59.000000000000000
267 59.000000000000000 0.000000000000000 0.000000000000000 59.000000000000000
268 59.000000000000000 0.000000000000000 0.000000000000000 59.000000000000000
269 59.000000000000000 0.000000000000000 0.000000000000000 59.000000000000000
270 59.000000000000000 0.000000000000000 0.000000000000000 59.000000000000000
271 59.000000000000000 0.000000000000000 0.000000000000000 59.000000000000000
272 59.000000000000000 0.000000000000000 0.000000000000000 59.000000000000000
273 59.000000000000000 0.000000000000000 0.000000000000000 59.000000000000000
274 59.000000000000000 0.000000000000000 0.000000000000000 59.000000000000000
275 59.000000000000000 0.000000000000000 0.000000000000000 59.000000000000000
276 59.000000000000000 0.000000000000000 0.000000000000000 59.000000000000000
277 59.000000000000000 0.000000000000000 0.000000000000000 59.000000000000000
278 59.000000000000000 0.000000000000000 0.000000000000000 59.000000000000000
279 59.000000000000000 0.000000000000000 0.000000000000000 59.000000000000000
280 59.000000000000000 0.000000000000000 0.000000000000000 59.000000000000000
281 59.000000000000000 0.000000000000000 0.000000000000000 59.000000000000000
282 59.000000000000000 0.000000000000000 0.000000000000000 59.000000000000000
283 59.000000000000000 0.000000000000000 0.000000000000000 59.000000000000000
284 59.000000000000000 0.000000000000000 0.000000000000000 59.000000000000000
285 59.000000000000000 0.000000000000000 0.000000000000000 59.000000000000000
286 59.000000000000000 0.000000000000000 0.000000000000000 59.000000000000000
287 59.000000000000000 0.000000000000000 0.000000000000000 59.000000000000000
288 59.000000000000000 0.000000000000000 0.000000000000000 59.000000000000000
289 59.000000000000000 0.000000000000000 0.000000000000000 59.000000000000000
290 59.000000000000000 0.000000000000000 0.000000000000000 59.000000000000000
291 59.000000000000000 0.000000000000000 0.000000000000000 59.000000000000000
292 59.000000000000000 0.000000000000000 0.000000000000000 59.000000000000000
293 59.000000000000000 0.000000000000000 0.000000000000000 59.000000000000000
294 59.000000000000000 0.000000000000000 0.000000000000000 59.000000000000000
295 59.000000000000000 0.000000000000000 0.000000000000000 59.000000000000000
296 59.000000000000000 0.000000000000000 0.000000000000000 59.000000000000000
297 59.000000000000000 0.000000000000000 0.000000000000000 59.000000000000000
298 59.000000000000000 0.000000000000000 0.000000000000000 59.000000000000000
299 59.000000000000000 0.000000000000000 0.000000000000000 59.000000000000000
300 59.000000000000000 0.000000000000000 0.000000000000000 59.000000000000000
301 59.000000000000000 0.000000000000000 0.000000000000000 59.000000000000000
302 59.000000000000000 0.000000000000000 0.000000000000000 59.000000000000000
303 59.000000000000000 0.000000000000000 0.000000000000000 59.000000000000000
304 59.000000000000000 0.000000000000000 0.000000000000000 59.000000000000000
305 59.000000000000000 0.000000000000000 0.000000000000000 59.000000000000000
306 59.000000000000000 0.000000000000000 0.000000000000000 59.000000000000000
307 59.000000000000000 0.000000000000000 50.000000000000000 59.000000000000000
308 59.000000000000000 0.000000000000000 54.000000000000000 59.000000000000000
309 59.000000000000000 0.000000000000000 55.000000000000000 59.000000000000000
310 59.000000000000000 0.000000000000000 58.000000000000000 59.000000000000000
Die
311 59.000000000000000 0.000000000000000 0.000000000000000 59.000000000000000
312 59.000000000000000 0.000000000000000 0.000000000000000 59.000000000000000
313 59.000000000000000 0.000000000000000 0.000000000000000 59.000000000000000
314 59.000000000000000 0.000000000000000 0.000000000000000 59.000000000000000
315 59.000000000000000 0.000000000000000 0.000000000000000 59.000000000000000
316 59.000000000000000 0.000000000000000 0.000000000000000 59.000000000000000
317 59.000000000000000 0.000000000000000 0.000000000000000 59.000000000000000
318 59.000000000000000 0.000000000000000 0.000000000000000 59.000000000000000
319 59.000000000000000 0.000000000000000 0.000000000000000 59.000000000000000
320 59.000000000000000 0.000000000000000 0.000000000000000 59.000000000000000
321 59.000000000000000 0.000000000000000 0.000000000000000 59.000000000000000
322 59.000000000000000 0.000000000000000 0.000000000000000 59.000000000000000
323 59.000000000000000 0.000000000000000 0.000000000000000 59.000000000000000
324 59.000000000000000 0.000000000000000 0.000000000000000 59.000000000000000
325 59.000000000000000 0.000000000000000 0.000000000000000 59.000000000000000
326 59.000000000000000 0.000000000000000 0.000000000000000 59.000000000000000
327 59.000000000000000 0.000000000000000 0.000000000000000 59.000000000000000
328 59.000000000000000 0.000000000000000 0.000000000000000 59.000000000000000
329 59.000000000000000 0.000000000000000 0.000000000000000 59.000000000000000
330 59.000000000000000 0.000000000000000 0.000000000000000 59.000000000000000
331 59.000000000000000 0.000000000000000 0.000000000000000 59.000000000000000
332 59.000000000000000 0.000000000000000 0.000000000000000 59.000000000000000
333 59.000000000000000 0.000000000000000 0.000000000000000 59.000000000000000
334 59.000000000000000 0.000000000000000 0.000000000000000 59.000000000000000
335 59.000000000000000 0.000000000000000 0.000000000000000 59.000000000000000
336 59.000000000000000 0.000000000000000 0.000000000000000 59.000000000000000
337 59.000000000000000 0.000000000000000 0.000000000000000 59.000000000000000
338 59.000000000000000 0.000000000000000 0.000000000000000 59.000000000000000
339 59.000000000000000 0.000000000000000 0.000000000000000 59.000000000000000
340 59.000000000000000 0.000000000000000 0.000000000000000 59.000000000000000
341 59.000000000000000 0.000000000000000 0.000000000000000 59.000000000000000
342 59.000000000000000 0.000000000000000 0.000000000000000 59.000000000000000
343 59.000000000000000 0.000000000000000 0.000000000000000 59.000000000000000
344 59.000000000000000 0.000000000000000 0.000000000000000 59.000000000000000
345 59.000000000000000 0.000000000000000 0.000000000000000 59.000000000000000
346 59.000000000000000 0.000000000000000 0.000000000000000 59.000000000000000
347 59.000000000000000 0.000000000000000 0.000000000000000 59.000000000000000
348 59.000000000000000 0.000000000000000 0.000000000000000 59.000000000000000
349 59.000000000000000 0.000000000000000 0.000000000000000 59.000000000000000
350 59.000000000000000 0.000000000000000 0.000000000000000 59.000000000000000
351 59.000000000000000 0.000000000000000 0.000000000000000 59.000000000000000
352 59.000000000000000 0.000000000000000 0.000000000000000 59.000000000000000
353 59.000000000000000 0.000000000000000 0.000000000000000 59.000000000000000
354 59.000000000000000 0.000000000000000 0.000000000000000 59.000000000000000
355 59.000000000000000 0.000000000000000 0.000000000000000 59.000000000000000
356 59.000000000000000 0.000000000000000 0.000000000000000 59.000000000000000
357 59.000000000000000 0.000000000000000 0.000000000000000 59.000000000000000
358 59.000000000000000 0.000000000000000 0.000000000000000 59.000000000000000
359 59.000000000000000 0.000000000000000 0.000000000000000 59.000000000000000
360 59.000000000000000 0.000000000000000 0.000000000000000 59.000000000000000
361 59.000000000000000 0.000000000000000 0.000000000000000 59.000000000000000
362 59.000000000000000 0.000000000000000 0.000000000000000 59.000000000000000
363 59.000000000000000 0.000000000000000 0.000000000000000 59.000000000000000
364 59.000000000000000 0.000000000000000 0.000000000000000 59.000000000000000
365 59.000000000000000 0.000000000000000 52.000000000000000 59.000000000000000
366 59.000000000000000 0.000000000000000 55.000000000000000 59.000000000000000
367 59.000000000000000 0.000000000000000 56.000000000000000 59.000000000000000
368 59.000000000000000 0.000000000000000 58.000000000000000 59.000000000000000
Die
369 59.000000000000000 0.000000000000000 0.000000000000000 59.000000000000000
370 59.000000000000000 0.000000000000000 0.000000000000000 59.000000000000000
371 59.000000000000000 0.000000000000000 0.000000000000000 59.000000000000000
372 59.000000000000000 0.000000000000000 0.000000000000000 59.000000000000000
373 59.000000000000000 0.000000000000000 0.000000000000000 59.000000000000000
374 59.000000000000000 0.000000000000000 0.000000000000000 59.000000000000000
375 59.000000000000000 0.000000000000000 0.000000000000000 59.000000000000000
376 59.000000000000000 0.000000000000000 0.000000000000000 59.000000000000000
377 59.000000000000000 0.000000000000000 0.000000000000000 59.000000000000000
378 59.000000000000000 0.000000000000000 0.000000000000000 59.000000000000000
379 59.000000000000000 0.000000000000000 0.000000000000000 59.000000000000000
380 59.000000000000000 0.000000000000000 0.000000000000000 59.000000000000000
381 59.000000000000000 0.000000000000000 0.000000000000000 59.000000000000000
382 59.000000000000000 0.000000000000000 0.000000000000000 59.000000000000000
383 59.000000000000000 0.000000000000000 0.000000000000000 59.000000000000000
384 59.000000000000000 0.000000000000000 0.000000000000000 59.000000000000000
385 59.000000000000000 0.000000000000000 0.000000000000000 59.000000000000000
386 59.000000000000000 0.000000000000000 0.000000000000000 59.000000000000000
387 59.000000000000000 0.000000000000000 0.000000000000000 59.000000000000000
388 59.000000000000000 0.000000000000000 0.000000000000000 59.000000000000000
389 59.000000000000000 0.000000000000000 0.000000000000000 59.000000000000000
390 59.000000000000000 0.000000000000000 0.000000000000000 59.000000000000000
391 59.000000000000000 0.000000000000000 0.000000000000000 59.000000000000000
392 59.000000000000000 0.000000000000000 0.000000000000000 59.000000000000000
393 59.000000000000000 0.000000000000000 0.000000000000000 59.000000000000000
394 59.000000000000000 0.000000000000000 0.000000000000000 59.000000000000000
395 59.000000000000000 0.000000000000000 0.000000000000000 59.000000000000000
396 59.000000000000000 0.000000000000000 0.000000000000000 59.000000000000000
397 59.000000000000000 0.000000000000000 0.000000000000000 59.000000000000000
398 59.000000000000000 0.000000000000000 0.000000000000000 59.000000000000000
399 59.000000000000000 0.000000000000000 0.000000000000000 59.000000000000000
400 59.000000000000000 0.000000000000000 0.000000000000000 59.000000000000000
401 59.000000000000000 0.000000000000000 0.000000000000000 59.000000000000000
402 59.000000000000000 0.000000000000000 0.000000000000000 59.000000000000000
403 59.000000000000000 0.000000000000000 0.000000000000000 59.000000000000000
404 59.000000000000000 0.000000000000000 0.000000000000000 59.000000000000000
405 59.000000000000000 0.000000000000000 0.000000000000000 59.000000000000000
406 59.000000000000000 0.000000000000000 0.000000000000000 59.000000000000000
407 59.000000000000000 0.000000000000000 0.000000000000000 59.000000000000000
408 59.000000000000000 0.000000000000000 0.000000000000000 59.000000000000000
409 59.000000000000000 0.000000000000000 0.000000000000000 59.000000000000000
410 59.000000000000000 0.000000000000000 0.000000000000000 59.000000000000000
411 59.000000000000000 0.000000000000000 0.000000000000000 59.000000000000000
412 59.000000000000000 0.000000000000000 0.000000000000000 59.000000000000000
413 59.000000000000000 0.000000000000000 0.000000000000000 59.000000000000000
414 59.000000000000000 0.000000000000000 0.000000000000000 59.000000000000000
415 59.000000000000000 0.000000000000000 0.000000000000000 59.000000000000000
416 59.000000000000000 0.000000000000000 0.000000000000000 59.000000000000000
417 59.000000000000000 0.000000000000000 0.000000000000000 59.000000000000000
418 59.000000000000000 0.000000000000000 0.000000000000000 59.000000000000000
419 59.000000000000000 0.000000000000000 0.000000000000000 59.000000000000000
420 59.000000000000000 0.000000000000000 0.000000000000000 59.000000000000000
421 59.000000000000000 0.000000000000000 0.000000000000000 59.000000000000000
422 59.000000000000000 0.000000000000000 0.000000000000000 59.000000000000000
423 59.000000000000000 0.000000000000000 0.000000000000000 59.000000000000000
424 59.000000000000000 0.000000000000000 0.000000000000000 59.000000000000000
425 59.000000000000000 0.000000000000000 0.000000000000000 59.000000000000000
426 59.000000000000000 0.000000000000000 0.000000000000000 59.000000000000000
427 59.000000000000000 0.000000000000000 0.000000000000000 59.000000000000000
428 59.000000000000000 0.000000000000000 0.000000000000000 59.000000000000000
429 59.000000000000000 0.000000000000000 0.000000000000000 59.000000000000000
430 59.000000000000000 0.000000000000000 0.000000000000000 59.000000000000000
431 59.000000000000000 0.000000000000000 0.000000000000000 59.000000000000000
432 59.000000000000000 0.000000000000000 0.000000000000000 59.000000000000000
433 59.000000000000000 0.000000000000000 0.000000000000000 59.000000000000000
434 59.000000000000000 0.000000000000000 0.000000000000000 59.000000000000000
435 59.000000000000000 0.000000000000000 0.000000000000000 59.000000000000000
436 59.000000000000000 0.000000000000000 0.000000000000000 59.000000000000000
437 59.000000000000000 0.000000000000000 48.000000000000000 59.000000000000000
438 59.000000000000000 0.000000000000000 54.000000000000000 59.000000000000000
439 59.000000000000000 0.000000000000000 56.000000000000000 59.000000000000000
440 59.000000000000000 0.000000000000000 58.000000000000000 59.000000000000000
Die
441 59.000000000000000 0.000000000000000 0.000000000000000 59.000000000000000
442 59.000000000000000 0.000000000000000 0.000000000000000 59.000000000000000
443 59.000000000000000 0.000000000000000 0.000000000000000 59.000000000000000
444 59.000000000000000 0.000000000000000 0.000000000000000 59.000000000000000
445 59.000000000000000 0.000000000000000 0.000000000000000 59.000000000000000
446 59.000000000000000 0.000000000000000 0.000000000000000 59.000000000000000
447 59.000000000000000 0.000000000000000 0.000000000000000 59.000000000000000
448 59.000000000000000 0.000000000000000 0.000000000000000 59.000000000000000
449 59.000000000000000 0.000000000000000 0.000000000000000 59.000000000000000
450 59.000000000000000 0.000000000000000 0.000000000000000 59.000000000000000
451 59.000000000000000 0.000000000000000 0.000000000000000 59.000000000000000
452 59.000000000000000 0.000000000000000 0.000000000000000 59.000000000000000
453 59.000000000000000 0.000000000000000 0.000000000000000 59.000000000000000
454 59.000000000000000 0.000000000000000 0.000000000000000 59.000000000000000
455 59.000000000000000 0.000000000000000 0.000000000000000 59.000000000000000
456 59.000000000000000 0.000000000000000 0.000000000000000 59.000000000000000
457 59.000000000000000 0.000000000000000 0.000000000000000 59.000000000000000
458 59.000000000000000 0.000000000000000 0.000000000000000 59.000000000000000
459 59.000000000000000 0.000000000000000 0.000000000000000 59.000000000000000
460 59.000000000000000 0.000000000000000 0.000000000000000 59.000000000000000
461 59.000000000000000 0.000000000000000 0.000000000000000 59.000000000000000
462 59.000000000000000 0.000000000000000 0.000000000000000 59.000000000000000
463 59.000000000000000 0.000000000000000 0.000000000000000 59.000000000000000
464 59.000000000000000 0.000000000000000 0.000000000000000 59.000000000000000
465 59.000000000000000 0.000000000000000 0.000000000000000 59.000000000000000
466 59.000000000000000 0.000000000000000 0.000000000000000 59.000000000000000
467 59.000000000000000 0.000000000000000 0.000000000000000 59.000000000000000
468 59.000000000000000 0.000000000000000 0.000000000000000 59.000000000000000
469 59.000000000000000 0.000000000000000 0.000000000000000 59.000000000000000
470 59.000000000000000 0.000000000000000 0.000000000000000 59.000000000000000
471 59.000000000000000 0.000000000000000 0.000000000000000 59.000000000000000
472 59.000000000000000 0.000000000000000 0.000000000000000 59.000000000000000
473 59.000000000000000 0.000000000000000 0.000000000000000 59.000000000000000
474 59.000000000000000 0.000000000000000 0.000000000000000 59.000000000000000
475 59.000000000000000 0.000000000000000 0.000000000000000 59.000000000000000
476 58.000000000000000 0.000000000000000 0.000000000000000 58.000000000000000
477 58.000000000000000 0.000000000000000 0.000000000000000 58.000000000000000
478 58.000000000000000 0.000000000000000 0.000000000000000 58.000000000000000
479 59.000000000000000 0.000000000000000 0.000000000000000 59.000000000000000
480 59.000000000000000 0.000000000000000 0.000000000000000 59.000000000000000
481 59.000000000000000 0.000000000000000 0.000000000000000 59.000000000000000
482 59.000000000000000 0.000000000000000 0.000000000000000 59.000000000000000
483 59.000000000000000 0.000000000000000 0.000000000000000 59.000000000000000
484 59.000000000000000 0.000000000000000 0.000000000000000 59.000000000000000
485 59.000000000000000 0.000000000000000 0.000000000000000 59.000000000000000
486 59.000000000000000 0.000000000000000 0.000000000000000 59.000000000000000
487 59.000000000000000 0.000000000000000 0.000000000000000 59.000000000000000
488 59.000000000000000 0.000000000000000 0.000000000000000 59.000000000000000
489 59.000000000000000 0.000000000000000 0.000000000000000 59.000000000000000
490 59.000000000000000 0.000000000000000 0.000000000000000 59.000000000000000
491 59.000000000000000 0.000000000000000 0.000000000000000 59.000000000000000
492 59.000000000000000 0.000000000000000 0.000000000000000 59.000000000000000
493 59.000000000000000 0.000000000000000 0.000000000000000 59.000000000000000
494 59.000000000000000 0.000000000000000 0.000000000000000 59.000000000000000
495 59.000000000000000 0.000000000000000 0.000000000000000 59.000000000000000
496 59.000000000000000 0.000000000000000 0.000000000000000 59.000000000000000
497 59.000000000000000 0.000000000000000 52.000000000000000 59.000000000000000
498 59.000000000000000 0.000000000000000 55.000000000000000 59.000000000000000
499 59.000000000000000 0.000000000000000 56.000000000000000 59.000000000000000
Die
500 59.000000000000000 0.000000000000000 0.000000000000000 59.000000000000000
501 59.000000000000000 0.000000000000000 0.000000000000000 59.000000000000000
502 59.000000000000000 0.000000000000000 0.000000000000000 59.000000000000000
503 59.000000000000000 0.000000000000000 0.000000000000000 59.000000000000000
504 59.000000000000000 0.000000000000000 0.000000000000000 59.000000000000000
505 59.000000000000000 0.000000000000000 0.000000000000000 59.000000000000000
506 59.000000000000000 0.000000000000000 0.000000000000000 59.000000000000000
507 59.000000000000000 0.000000000000000 0.000000000000000 59.000000000000000
508 59.000000000000000 0.000000000000000 0.000000000000000 59.000000000000000
509 59.000000000000000 0.000000000000000 0.000000000000000 59.000000000000000
510 59.000000000000000 0.000000000000000 0.000000000000000 59.000000000000000
511 59.000000000000000 0.000000000000000 0.000000000000000 59.000000000000000
512 59.000000000000000 0.000000000000000 0.000000000000000 59.000000000000000
513 59.000000000000000 0.000000000000000 0.000000000000000 59.000000000000000
514 59.000000000000000 0.000000000000000 0.000000000000000 59.000000000000000
515 59.000000000000000 0.000000000000000 0.000000000000000 59.000000000000000
516 59.000000000000000 0.000000000000000 0.000000000000000 59.000000000000000
517 59.000000000000000 0.000000000000000 0.000000000000000 59.000000000000000
518 59.000000000000000 0.000000000000000 0.000000000000000 59.000000000000000
519 59.000000000000000 0.000000000000000 0.000000000000000 59.000000000000000
520 59.000000000000000 0.000000000000000 0.000000000000000 59.000000000000000
521 59.000000000000000 0.000000000000000 0.000000000000000 59.000000000000000
522 59.000000000000000 0.000000000000000 0.000000000000000 59.000000000000000
523 59.000000000000000 0.000000000000000 0.000000000000000 59.000000000000000
524 59.000000000000000 0.000000000000000 0.000000000000000 59.000000000000000
525 59.000000000000000 0.000000000000000 0.000000000000000 59.000000000000000
526 59.000000000000000 0.000000000000000 0.000000000000000 59.000000000000000
527 59.000000000000000 0.000000000000000 0.000000000000000 59.000000000000000
528 59.000000000000000 0.000000000000000 0.000000000000000 59.000000000000000
529 59.000000000000000 0.000000000000000 0.000000000000000 59.000000000000000
530 59.000000000000000 0.000000000000000 0.000000000000000 59.000000000000000
531 59.000000000000000 0.000000000000000 0.000000000000000 59.000000000000000
532 59.000000000000000 0.000000000000000 0.000000000000000 59.000000000000000
533 59.000000000000000 0.000000000000000 0.000000000000000 59.000000000000000
534 59.000000000000000 0.000000000000000 0.000000000000000 59.000000000000000
535 59.000000000000000 0.000000000000000 0.000000000000000 59.000000000000000
536 59.000000000000000 0.000000000000000 0.000000000000000 59.000000000000000
537 59.000000000000000 0.000000000000000 0.000000000000000 59.000000000000000
538 59.000000000000000 0.000000000000000 0.000000000000000 59.000000000000000
539 59.000000000000000 0.000000000000000 0.000000000000000 59.000000000000000
540 59.000000000000000 0.000000000000000 0.000000000000000 59.000000000000000
541 59.000000000000000 0.000000000000000 0.000000000000000 59.000000000000000
542 59.000000000000000 0.000000000000000 0.000000000000000 59.000000000000000
543 59.000000000000000 0.000000000000000 0.000000000000000 59.000000000000000
544 59.000000000000000 0.000000000000000 51.000000000000000 59.000000000000000
545 59.000000000000000 0.000000000000000 54.000000000000000 59.000000000000000
546 59.000000000000000 0.000000000000000 56.000000000000000 59.000000000000000
Die
547 59.000000000000000 0.000000000000000 0.000000000000000 59.000000000000000
548 59.000000000000000 0.000000000000000 0.000000000000000 59.000000000000000
549 59.000000000000000 0.000000000000000 0.000000000000000 59.000000000000000
550 59.000000000000000 0.000000000000000 0.000000000000000 59.000000000000000
551 59.000000000000000 0.000000000000000 0.000000000000000 59.000000000000000
552 59.000000000000000 0.000000000000000 0.000000000000000 59.000000000000000
553 59.000000000000000 0.000000000000000 0.000000000000000 59.000000000000000
554 59.000000000000000 0.000000000000000 0.000000000000000 59.000000000000000
555 59.000000000000000 0.000000000000000 0.000000000000000 59.000000000000000
556 59.000000000000000 0.000000000000000 0.000000000000000 59.000000000000000
557 59.000000000000000 0.000000000000000 0.000000000000000 59.000000000000000
558 59.000000000000000 0.000000000000000 0.000000000000000 59.000000000000000
559 59.000000000000000 0.000000000000000 0.000000000000000 59.000000000000000
560 59.000000000000000 0.000000000000000 0.000000000000000 59.000000000000000
561 59.000000000000000 0.000000000000000 0.000000000000000 59.000000000000000
562 59.000000000000000 0.000000000000000 0.000000000000000 59.000000000000000
563 59.000000000000000 0.000000000000000 0.000000000000000 59.000000000000000
564 59.000000000000000 0.000000000000000 0.000000000000000 59.000000000000000
565 59.000000000000000 0.000000000000000 0.000000000000000 59.000000000000000
566 59.000000000000000 0.000000000000000 0.000000000000000 59.000000000000000
567 59.000000000000000 0.000000000000000 0.000000000000000 59.000000000000000
568 59.000000000000000 0.000000000000000 0.000000000000000 59.000000000000000
569 59.000000000000000 0.000000000000000 0.000000000000000 59.000000000000000
570 59.000000000000000 0.000000000000000 0.000000000000000 59.000000000000000
571 59.000000000000000 0.000000000000000 0.000000000000000 59.000000000000000
572 59.000000000000000 0.000000000000000 0.000000000000000 59.000000000000000
573 59.000000000000000 0.000000000000000 0.000000000000000 59.000000000000000
574 59.000000000000000 0.000000000000000 0.000000000000000 59.000000000000000
575 59.000000000000000 0.000000000000000 0.000000000000000 59.000000000000000
576 59.000000000000000 0.000000000000000 0.000000000000000 59.000000000000000
577 59.000000000000000 0.000000000000000 0.000000000000000 59.000000000000000
578 59.000000000000000 0.000000000000000 0.000000000000000 59.000000000000000
579 59.000000000000000 0.000000000000000 0.000000000000000 59.000000000000000
580 59.000000000000000 0.000000000000000 0.000000000000000 59.000000000000000
581 59.000000000000000 0.000000000000000 0.000000000000000 59.000000000000000
582 59.000000000000000 0.000000000000000 0.000000000000000 59.000000000000000
583 59.000000000000000 0.000000000000000 0.000000000000000 59.000000000000000
584 59.000000000000000 0.000000000000000 0.000000000000000 59.000000000000000
585 59.000000000000000 0.000000000000000 0.000000000000000 59.000000000000000
586 59.000000000000000 0.000000000000000 0.000000000000000 59.000000000000000
587 59.000000000000000 0.000000000000000 0.000000000000000 59.000000000000000
588 59.000000000000000 0.000000000000000 0.000000000000000 59.000000000000000
589 59.000000000000000 0.000000000000000 0.000000000000000 59.000000000000000
590 59.000000000000000 0.000000000000000 0.000000000000000 59.000000000000000
591 59.000000000000000 0.000000000000000 0.000000000000000 59.000000000000000
592 59.000000000000000 0.000000000000000 0.000000000000000 59.000000000000000
593 59.000000000000000 0.000000000000000 0.000000000000000 59.000000000000000
594 59.000000000000000 0.000000000000000 0.000000000000000 59.000000000000000
595 59.000000000000000 0.000000000000000 0.000000000000000 59.000000000000000
596 59.000000000000000 0.000000000000000 0.000000000000000 59.000000000000000
597 59.000000000000000 0.000000000000000 0.000000000000000 59.000000000000000
598 59.000000000000000 0.000000000000000 0.000000000000000 59.000000000000000
599 59.000000000000000 0.000000000000000 0.000000000000000 59.000000000000000
600 59.000000000000000 0.000000000000000 0.000000000000000 59.000000000000000
601 59.000000000000000 0.000000000000000 0.000000000000000 59.000000000000000
602 59.000000000000000 0.000000000000000 0.000000000000000 59.000000000000000
603 59.000000000000000 0.000000000000000 0.000000000000000 59.000000000000000
604 59.000000000000000 0.000000000000000 0.000000000000000 59.000000000000000
605 59.000000000000000 0.000000000000000 0.000000000000000 59.000000000000000
606 59.000000000000000 0.000000000000000 0.000000000000000 59.000000000000000
607 59.000000000000000 0.000000000000000 0.000000000000000 59.000000000000000
608 59.000000000000000 0.000000000000000 51.000000000000000 59.000000000000000
609 59.000000000000000 0.000000000000000 55.000000000000000 59.000000000000000
610 59.000000000000000 0.000000000000000 56.000000000000000 59.000000000000000
611 59.000000000000000 0.000000000000000 58.000000000000000 59.000000000000000
Die
612 59.000000000000000 0.000000000000000 0.000000000000000 59.000000000000000
613 59.000000000000000 0.000000000000000 0.000000000000000 59.000000000000000
614 59.000000000000000 0.000000000000000 0.000000000000000 59.000000000000000
615 59.000000000000000 0.000000000000000 0.000000000000000 59.000000000000000
616 59.000000000000000 0.000000000000000 0.000000000000000 59.000000000000000
617 59.000000000000000 0.000000000000000 0.000000000000000 59.000000000000000
618 59.000000000000000 0.000000000000000 0.000000000000000 59.000000000000000
619 59.000000000000000 0.000000000000000 0.000000000000000 59.000000000000000
620 59.000000000000000 0.000000000000000 0.000000000000000 59.000000000000000
621 59.000000000000000 0.000000000000000 0.000000000000000 59.000000000000000
622 59.000000000000000 0.000000000000000 0.000000000000000 59.000000000000000
623 59.000000000000000 0.000000000000000 0.000000000000000 59.000000000000000
624 59.000000000000000 0.000000000000000 0.000000000000000 59.000000000000000
625 59.000000000000000 0.000000000000000 0.000000000000000 59.000000000000000
626 59.000000000000000 0.000000000000000 0.000000000000000 59.000000000000000
627 59.000000000000000 0.000000000000000 0.000000000000000 59.000000000000000
628 59.000000000000000 0.000000000000000 0.000000000000000 59.000000000000000
629 59.000000000000000 0.000000000000000 0.000000000000000 59.000000000000000
630 59.000000000000000 0.000000000000000 0.000000000000000 59.000000000000000
631 59.000000000000000 0.000000000000000 0.000000000000000 59.000000000000000
632 59.000000000000000 0.000000000000000 0.000000000000000 59.000000000000000
633 59.000000000000000 0.000000000000000 0.000000000000000 59.000000000000000
634 59.000000000000000 0.000000000000000 0.000000000000000 59.000000000000000
635 59.000000000000000 0.000000000000000 0.000000000000000 59.000000000000000
636 59.000000000000000 0.000000000000000 0.000000000000000 59.000000000000000
637 59.000000000000000 0.000000000000000 0.000000000000000 59.000000000000000
638 59.000000000000000 0.000000000000000 0.000000000000000 59.000000000000000
639 59.000000000000000 0.000000000000000 0.000000000000000 59.000000000000000
640 59.000000000000000 0.000000000000000 0.000000000000000 59.000000000000000
641 59.000000000000000 0.000000000000000 0.000000000000000 59.000000000000000
642 59.000000000000000 0.000000000000000 0.000000000000000 59.000000000000000
643 59.000000000000000 0.000000000000000 0.000000000000000 59.000000000000000
644 59.000000000000000 0.000000000000000 0.000000000000000 59.000000000000000
645 59.000000000000000 0.000000000000000 0.000000000000000 59.000000000000000
646 59.000000000000000 0.000000000000000 0.000000000000000 59.000000000000000
647 59.000000000000000 0.000000000000000 0.000000000000000 59.000000000000000
648 59.000000000000000 0.000000000000000 0.000000000000000 59.000000000000000
649 59.000000000000000 0.000000000000000 0.000000000000000 59.000000000000000
650 59.000000000000000 0.000000000000000 0.000000000000000 59.000000000000000
651 59.000000000000000 0.000000000000000 0.000000000000000 59.000000000000000
652 59.000000000000000 0.000000000000000 0.000000000000000 59.000000000000000
653 59.000000000000000 0.000000000000000 0.000000000000000 59.000000000000000
654 59.000000000000000 0.000000000000000 0.000000000000000 59.000000000000000
655 59.000000000000000 0.000000000000000 0.000000000000000 59.000000000000000
656 59.000000000000000 0.000000000000000 0.000000000000000 59.000000000000000
657 59.000000000000000 0.000000000000000 0.000000000000000 59.000000000000000
658 59.000000000000000 0.000000000000000 0.000000000000000 59.000000000000000
659 59.000000000000000 0.000000000000000 0.000000000000000 59.000000000000000
660 59.000000000000000 0.000000000000000 0.000000000000000 59.000000000000000
661 59.000000000000000 0.000000000000000 0.000000000000000 59.000000000000000
662 59.000000000000000 0.000000000000000 0.000000000000000 59.000000000000000
663 59.000000000000000 0.000000000000000 0.000000000000000 59.000000000000000
664 59.000000000000000 0.000000000000000 0.000000000000000 59.000000000000000
665 59.000000000000000 0.000000000000000 0.000000000000000 59.000000000000000
666 59.000000000000000 0.000000000000000 0.000000000000000 59.000000000000000
667 59.000000000000000 0.000000000000000 0.000000000000000 59.000000000000000
668 59.000000000000000 0.000000000000000 0.000000000000000 59.000000000000000
669 59.000000000000000 0.000000000000000 0.000000000000000 59.000000000000000
670 59.000000000000000 0.000000000000000 50.000000000000000 59.000000000000000
671 59.000000000000000 0.000000000000000 54.000000000000000 59.000000000000000
672 59.000000000000000 0.000000000000000 56.000000000000000 59.000000000000000
Die
673 59.000000000000000 0.000000000000000 0.000000000000000 59.000000000000000
674 59.000000000000000 0.000000000000000 0.000000000000000 59.000000000000000
675 59.000000000000000 0.000000000000000 0.000000000000000 59.000000000000000
676 59.000000000000000 0.000000000000000 0.000000000000000 59.000000000000000
677 59.000000000000000 0.000000000000000 0.000000000000000 59.000000000000000
678 59.000000000000000 0.000000000000000 0.000000000000000 59.000000000000000
679 59.000000000000000 0.000000000000000 0.000000000000000 59.000000000000000
680 59.000000000000000 0.000000000000000 0.000000000000000 59.000000000000000
681 59.000000000000000 0.000000000000000 0.000000000000000 59.000000000000000
682 59.000000000000000 0.000000000000000 0.000000000000000 59.000000000000000
683 59.000000000000000 0.000000000000000 0.000000000000000 59.000000000000000
684 59.000000000000000 0.000000000000000 0.000000000000000 59.000000000000000
685 59.000000000000000 0.000000000000000 0.000000000000000 59.000000000000000
686 59.000000000000000 0.000000000000000 0.000000000000000 59.000000000000000
687 59.000000000000000 0.000000000000000 0.000000000000000 59.000000000000000
688 59.000000000000000 0.000000000000000 0.000000000000000 59.000000000000000
689 59.000000000000000 0.000000000000000 0.000000000000000 59.000000000000000
690 59.000000000000000 0.000000000000000 0.000000000000000 59.000000000000000
691 59.000000000000000 0.000000000000000 0.000000000000000 59.000000000000000
692 59.000000000000000 0.000000000000000 0.000000000000000 59.000000000000000
693 59.000000000000000 0.000000000000000 0.000000000000000 59.000000000000000
694 59.000000000000000 0.000000000000000 0.000000000000000 59.000000000000000
695 59.000000000000000 0.000000000000000 0.000000000000000 59.000000000000000
696 59.000000000000000 0.000000000000000 0.000000000000000 59.000000000000000
697 59.000000000000000 0.000000000000000 0.000000000000000 59.000000000000000
698 59.000000000000000 0.000000000000000 0.000000000000000 59.000000000000000
699 59.000000000000000 0.000000000000000 0.000000000000000 59.000000000000000
700 59.000000000000000 0.000000000000000 0.000000000000000 59.000000000000000
701 59.000000000000000 0.000000000000000 0.000000000000000 59.000000000000000
702 59.000000000000000 0.000000000000000 0.000000000000000 59.000000000000000
703 59.000000000000000 0.000000000000000 0.000000000000000 59.000000000000000
704 59.000000000000000 0.000000000000000 0.000000000000000 59.000000000000000
705 59.000000000000000 0.000000000000000 0.000000000000000 59.000000000000000
706 59.000000000000000 0.000000000000000 0.000000000000000 59.000000000000000
707 59.000000000000000 0.000000000000000 0.000000000000000 59.000000000000000
708 59.000000000000000 0.000000000000000 0.000000000000000 59.000000000000000
709 59.000000000000000 0.000000000000000 0.000000000000000 59.000000000000000
710 59.000000000000000 0.000000000000000 0.000000000000000 59.000000000000000
711 59.000000000000000 0.000000000000000 0.000000000000000 59.000000000000000
712 59.000000000000000 0.000000000000000 0.000000000000000 59.000000000000000
713 59.000000000000000 0.000000000000000 0.000000000000000 59.000000000000000
714 59.000000000000000 0.000000000000000 0.000000000000000 59.000000000000000
715 59.000000000000000 0.000000000000000 0.000000000000000 59.000000000000000
716 59.000000000000000 0.000000000000000 0.000000000000000 59.000000000000000
717 59.000000000000000 0.000000000000000 0.000000000000000 59.000000000000000
718 59.000000000000000 0.000000000000000 0.000000000000000 59.000000000000000
719 59.000000000000000 0.000000000000000 0.000000000000000 59.000000000000000
720 59.000000000000000 0.000000000000000 0.000000000000000 59.000000000000000
721 59.000000000000000 0.000000000000000 0.000000000000000 59.000000000000000
722 59.000000000000000 0.000000000000000 0.000000000000000 59.000000000000000
723 59.000000000000000 0.000000000000000 0.000000000000000 59.000000000000000
724 59.000000000000000 0.000000000000000 0.000000000000000 59.000000000000000
725 59.000000000000000 0.000000000000000 0.000000000000000 59.000000000000000
726 59.000000000000000 0.000000000000000 0.000000000000000 59.000000000000000
727 59.000000000000000 0.000000000000000 0.000000000000000 59.000000000000000
728 59.000000000000000 0.000000000000000 52.000000000000000 59.000000000000000
729 59.000000000000000 0.000000000000000 54.000000000000000 59.000000000000000
730 59.000000000000000 0.000000000000000 56.000000000000000 59.000000000000000
Die
731 59.000000000000000 0.000000000000000 0.000000000000000 59.000000000000000
732 59.000000000000000 0.000000000000000 0.000000000000000 59.000000000000000
733 59.000000000000000 0.000000000000000 0.000000000000000 59.000000000000000
734 59.000000000000000 0.000000000000000 0.000000000000000 59.000000000000000
735 59.000000000000000 0.000000000000000 0.000000000000000 59.000000000000000
736 55.000000000000000 0.000000000000000 0.000000000000000 55.000000000000000
737 55.000000000000000 0.000000000000000 0.000000000000000 55.000000000000000
738 55.000000000000000 0.000000000000000 0.000000000000000 55.000000000000000
739 55.000000000000000 0.000000000000000 0.000000000000000 55.000000000000000
740 55.000000000000000 0.000000000000000 0.000000000000000 55.000000000000000
741 55.000000000000000 0.000000000000000 0.000000000000000 55.000000000000000
742 55.000000000000000 0.000000000000000 0.000000000000000 55.000000000000000
743 55.000000000000000 0.000000000000000 0.000000000000000 55.000000000000000
744 55.000000000000000 0.000000000000000 0.000000000000000 55.000000000000000
745 55.000000000000000 0.000000000000000 0.000000000000000 55.000000000000000
746 55.000000000000000 0.000000000000000 0.000000000000000 55.000000000000000
747 55.000000000000000 0.000000000000000 0.000000000000000 55.000000000000000
748 55.000000000000000 0.000000000000000 0.000000000000000 55.000000000000000
749 55.000000000000000 0.000000000000000 0.000000000000000 55.000000000000000
750 55.000000000000000 0.000000000000000 0.000000000000000 55.000000000000000
751 55.000000000000000 0.000000000000000 0.000000000000000 55.000000000000000
752 55.000000000000000 0.000000000000000 0.000000000000000 55.000000000000000
753 55.000000000000000 0.000000000000000 0.000000000000000 55.000000000000000
754 55.000000000000000 0.000000000000000 0.000000000000000 55.000000000000000
755 55.000000000000000 0.000000000000000 0.000000000000000 55.000000000000000
756 55.000000000000000 0.000000000000000 0.000000000000000 55.000000000000000
757 55.000000000000000 0.000000000000000 0.000000000000000 55.000000000000000
758 55.000000000000000 0.000000000000000 0.000000000000000 55.000000000000000
759 55.000000000000000 0.000000000000000 0.000000000000000 55.000000000000000
760 55.000000000000000 0.000000000000000 0.000000000000000 55.000000000000000
761 55.000000000000000 0.000000000000000 0.000000000000000 55.000000000000000
762 55.000000000000000 0.000000000000000 0.000000000000000 55.000000000000000
763 55.000000000000000 0.000000000000000 0.000000000000000 55.000000000000000
764 57.000000000000000 0.000000000000000 0.000000000000000 57.000000000000000
765 57.000000000000000 0.000000000000000 0.000000000000000 57.000000000000000
766 58.000000000000000 0.000000000000000 0.000000000000000 58.000000000000000
767 58.000000000000000 0.000000000000000 0.000000000000000 58.000000000000000
768 58.000000000000000 0.000000000000000 0.000000000000000 58.000000000000000
769 58.000000000000000 0.000000000000000 0.000000000000000 58.000000000000000
770 59.000000000000000 0.000000000000000 0.000000000000000 59.000000000000000
771 59.000000000000000 0.000000000000000 0.000000000000000 59.000000000000000
772 59.000000000000000 0.000000000000000 0.000000000000000 59.000000000000000
773 59.000000000000000 0.000000000000000 0.000000000000000 59.000000000000000
774 59.000000000000000 0.000000000000000 0.000000000000000 59.000000000000000
775 59.000000000000000 0.000000000000000 0.000000000000000 59.000000000000000
776 59.000000000000000 0.000000000000000 0.000000000000000 59.000000000000000
777 59.000000000000000 0.000000000000000 0.000000000000000 59.000000000000000
778 59.000000000000000 0.000000000000000 0.000000000000000 59.000000000000000
779 59.000000000000000 0.000000000000000 0.000000000000000 59.000000000000000
780 59.000000000000000 0.000000000000000 0.000000000000000 59.000000000000000
781 59.000000000000000 0.000000000000000 0.000000000000000 59.000000000000000
782 59.000000000000000 0.000000000000000 0.000000000000000 59.000000000000000
783 59.000000000000000 0.000000000000000 0.000000000000000 59.000000000000000
784 59.000000000000000 0.000000000000000 0.000000000000000 59.000000000000000
785 59.000000000000000 0.000000000000000 0.000000000000000 59.000000000000000
786 59.000000000000000 0.000000000000000 0.000000000000000 59.000000000000000
787 59.000000000000000 0.000000000000000 0.000000000000000 59.000000000000000
788 59.000000000000000 0.000000000000000 0.000000000000000 59.000000000000000
789 59.000000000000000 0.000000000000000 0.000000000000000 59.000000000000000
790 59.000000000000000 0.000000000000000 0.000000000000000 59.000000000000000
791 59.000000000000000 0.000000000000000 0.000000000000000 59.000000000000000
792 59.000000000000000 0.000000000000000 0.000000000000000 59.000000000000000
793 59.000000000000000 0.000000000000000 0.000000000000000 59.000000000000000
794 59.000000000000000 0.000000000000000 0.000000000000000 59.000000000000000
795 59.000000000000000 0.000000000000000 0.000000000000000 59.000000000000000
796 59.000000000000000 0.000000000000000 0.000000000000000 59.000000000000000
797 59.000000000000000 0.000000000000000 0.000000000000000 59.000000000000000
798 59.000000000000000 0.000000000000000 0.000000000000000 59.000000000000000
799 59.000000000000000 0.000000000000000 0.000000000000000 59.000000000000000
800 59.000000000000000 0.000000000000000 0.000000000000000 59.000000000000000
801 59.000000000000000 0.000000000000000 0.000000000000000 59.000000000000000
802 59.000000000000000 0.000000000000000 0.000000000000000 59.000000000000000
803 59.000000000000000 0.000000000000000 0.000000000000000 59.000000000000000
804 59.000000000000000 0.000000000000000 0.000000000000000 59.000000000000000
805 59.000000000000000 0.000000000000000 0.000000000000000 59.000000000000000
806 59.000000000000000 0.000000000000000 0.000000000000000 59.000000000000000
807 59.000000000000000 0.000000000000000 0.000000000000000 59.000000000000000
808 59.000000000000000 0.000000000000000 0.000000000000000 59.000000000000000
809 59.000000000000000 0.000000000000000 0.000000000000000 59.000000000000000
810 59.000000000000000 0.000000000000000 0.000000000000000 59.000000000000000
811 59.000000000000000 0.000000000000000 52.000000000000000 59.000000000000000
812 59.000000000000000 0.000000000000000 55.000000000000000 59.000000000000000
813 59.000000000000000 0.000000000000000 58.000000000000000 59.000000000000000
Die
814 59.000000000000000 0.000000000000000 0.000000000000000 59.000000000000000
815 59.000000000000000 0.000000000000000 0.000000000000000 59.000000000000000
816 59.000000000000000 0.000000000000000 0.000000000000000 59.000000000000000
817 59.000000000000000 0.000000000000000 0.000000000000000 59.000000000000000
818 59.000000000000000 0.000000000000000 0.000000000000000 59.000000000000000
819 59.000000000000000 0.000000000000000 0.000000000000000 59.000000000000000
820 59.000000000000000 0.000000000000000 0.000000000000000 59.000000000000000
821 59.000000000000000 0.000000000000000 0.000000000000000 59.000000000000000
822 59.000000000000000 0.000000000000000 0.000000000000000 59.000000000000000
823 59.000000000000000 0.000000000000000 0.000000000000000 59.000000000000000
824 59.000000000000000 0.000000000000000 0.000000000000000 59.000000000000000
825 59.000000000000000 0.000000000000000 0.000000000000000 59.000000000000000
826 59.000000000000000 0.000000000000000 0.000000000000000 59.000000000000000
827 59.000000000000000 0.000000000000000 0.000000000000000 59.000000000000000
828 59.000000000000000 0.000000000000000 0.000000000000000 59.000000000000000
829 59.000000000000000 0.000000000000000 0.000000000000000 59.000000000000000
830 59.000000000000000 0.000000000000000 0.000000000000000 59.000000000000000
831 59.000000000000000 0.000000000000000 0.000000000000000 59.000000000000000
832 59.000000000000000 0.000000000000000 0.000000000000000 59.000000000000000
833 59.000000000000000 0.000000000000000 0.000000000000000 59.000000000000000
834 59.000000000000000 0.000000000000000 0.000000000000000 59.000000000000000
835 59.000000000000000 0.000000000000000 0.000000000000000 59.000000000000000
836 59.000000000000000 0.000000000000000 0.000000000000000 59.000000000000000
837 59.000000000000000 0.000000000000000 0.000000000000000 59.000000000000000
838 59.000000000000000 0.000000000000000 0.000000000000000 59.000000000000000
839 59.000000000000000 0.000000000000000 0.000000000000000 59.000000000000000
840 59.000000000000000 0.000000000000000 0.000000000000000 59.000000000000000
841 59.000000000000000 0.000000000000000 0.000000000000000 59.000000000000000
842 59.000000000000000 0.000000000000000 0.000000000000000 59.000000000000000
843 59.000000000000000 0.000000000000000 0.000000000000000 59.000000000000000
844 59.000000000000000 0.000000000000000 0.000000000000000 59.000000000000000
845 59.000000000000000 0.000000000000000 0.000000000000000 59.000000000000000
846 59.000000000000000 0.000000000000000 0.000000000000000 59.000000000000000
847 59.000000000000000 0.000000000000000 0.000000000000000 59.000000000000000
848 59.000000000000000 0.000000000000000 0.000000000000000 59.000000000000000
849 59.000000000000000 0.000000000000000 0.000000000000000 59.000000000000000
850 59.000000000000000 0.000000000000000 0.000000000000000 59.000000000000000
851 59.000000000000000 0.000000000000000 0.000000000000000 59.000000000000000
852 59.000000000000000 0.000000000000000 0.000000000000000 59.000000000000000
853 59.000000000000000 0.000000000000000 0.000000000000000 59.000000000000000
854 59.000000000000000 0.000000000000000 0.000000000000000 59.000000000000000
855 59.000000000000000 0.000000000000000 0.000000000000000 59.000000000000000
856 59.000000000000000 0.000000000000000 0.000000000000000 59.000000000000000
857 59.000000000000000 0.000000000000000 0.000000000000000 59.000000000000000
858 59.000000000000000 0.000000000000000 0.000000000000000 59.000000000000000
859 59.000000000000000 0.000000000000000 0.000000000000000 59.000000000000000
860 59.000000000000000 0.000000000000000 0.000000000000000 59.000000000000000
861 59.000000000000000 0.000000000000000 0.000000000000000 59.000000000000000
862 59.000000000000000 0.000000000000000 0.000000000000000 59.000000000000000
863 59.000000000000000 0.000000000000000 0.000000000000000 59.000000000000000
864 59.000000000000000 0.000000000000000 0.000000000000000 59.000000000000000
865 59.000000000000000 0.000000000000000 0.000000000000000 59.000000000000000
866 59.000000000000000 0.000000000000000 0.000000000000000 59.000000000000000
867 59.000000000000000 0.000000000000000 0.000000000000000 59.000000000000000
868 59.000000000000000 0.000000000000000 0.000000000000000 59.000000000000000
869 59.000000000000000 0.000000000000000 0.000000000000000 59.000000000000000
870 59.000000000000000 0.000000000000000 0.000000000000000 59.000000000000000
871 59.000000000000000 0.000000000000000 0.000000000000000 59.000000000000000
872 59.000000000000000 0.000000000000000 0.000000000000000 59.000000000000000
873 59.000000000000000 0.000000000000000 0.000000000000000 59.000000000000000
874 59.000000000000000 0.000000000000000 0.000000000000000 59.000000000000000
875 59.000000000000000 0.000000000000000 0.000000000000000 59.000000000000000
876 59.000000000000000 0.000000000000000 50.000000000000000 59.000000000000000
877 59.000000000000000 0.000000000000000 53.000000000000000 59.000000000000000
878 59.000000000000000 0.000000000000000 54.000000000000000 59.000000000000000
879 59.000000000000000 0.000000000000000 56.000000000000000 59.000000000000000
880 59.000000000000000 0.000000000000000 58.000000000000000 59.000000000000000
Die
881 59.000000000000000 0.000000000000000 0.000000000000000 59.000000000000000
882 59.000000000000000 0.000000000000000 0.000000000000000 59.000000000000000
883 59.000000000000000 0.000000000000000 0.000000000000000 59.000000000000000
884 59.000000000000000 0.000000000000000 0.000000000000000 59.000000000000000
885 59.000000000000000 0.000000000000000 0.000000000000000 59.000000000000000
886 59.000000000000000 0.000000000000000 0.000000000000000 59.000000000000000
887 59.000000000000000 0.000000000000000 0.000000000000000 59.000000000000000
888 59.000000000000000 0.000000000000000 0.000000000000000 59.000000000000000
889 59.000000000000000 0.000000000000000 0.000000000000000 59.000000000000000
890 59.000000000000000 0.000000000000000 0.000000000000000 59.000000000000000
891 59.000000000000000 0.000000000000000 0.000000000000000 59.000000000000000
892 82.000000000000000 0.000000000000000 0.000000000000000 82.000000000000000
893 82.000000000000000 0.000000000000000 0.000000000000000 82.000000000000000
894 82.000000000000000 0.000000000000000 0.000000000000000 82.000000000000000
895 82.000000000000000 0.000000000000000 0.000000000000000 82.000000000000000
896 82.000000000000000 0.000000000000000 0.000000000000000 82.000000000000000
897 82.000000000000000 0.000000000000000 0.000000000000000 82.000000000000000
898 82.000000000000000 0.000000000000000 0.000000000000000 82.000000000000000
899 82.000000000000000 0.000000000000000 0.000000000000000 82.000000000000000
900 82.000000000000000 0.000000000000000 0.000000000000000 82.000000000000000
901 82.000000000000000 0.000000000000000 0.000000000000000 82.000000000000000
902 82.000000000000000 0.000000000000000 0.000000000000000 82.000000000000000
903 82.000000000000000 0.000000000000000 0.000000000000000 82.000000000000000
904 82.000000000000000 0.000000000000000 0.000000000000000 82.000000000000000
905 82.000000000000000 0.000000000000000 0.000000000000000 82.000000000000000
906 82.000000000000000 0.000000000000000 0.000000000000000 82.000000000000000
907 82.000000000000000 0.000000000000000 0.000000000000000 82.000000000000000
908 82.000000000000000 0.000000000000000 0.000000000000000 82.000000000000000
909 82.000000000000000 0.000000000000000 0.000000000000000 82.000000000000000
910 82.000000000000000 0.000000000000000 0.000000000000000 82.000000000000000
911 82.000000000000000 0.000000000000000 0.000000000000000 82.000000000000000
912 82.000000000000000 0.000000000000000 0.000000000000000 82.000000000000000
913 82.000000000000000 0.000000000000000 0.000000000000000 82.000000000000000
914 82.000000000000000 0.000000000000000 0.000000000000000 82.000000000000000
915 82.000000000000000 0.000000000000000 0.000000000000000 82.000000000000000
916 82.000000000000000 0.000000000000000 0.000000000000000 82.000000000000000
917 82.000000000000000 0.000000000000000 0.000000000000000 82.000000000000000
918 82.000000000000000 0.000000000000000 0.000000000000000 82.000000000000000
919 82.000000000000000 0.000000000000000 0.000000000000000 82.000000000000000
920 82.000000000000000 0.000000000000000 0.000000000000000 82.000000000000000
921 82.000000000000000 0.000000000000000 0.000000000000000 82.000000000000000
922 82.000000000000000 0.000000000000000 0.000000000000000 82.000000000000000
923 82.000000000000000 0.000000000000000 0.000000000000000 82.000000000000000
924 82.000000000000000 0.000000000000000 0.000000000000000 82.000000000000000
925 82.000000000000000 0.000000000000000 0.000000000000000 82.000000000000000
926 82.000000000000000 0.000000000000000 0.000000000000000 82.000000000000000
927 82.000000000000000 0.000000000000000 0.000000000000000 82.000000000000000
928 82.000000000000000 0.000000000000000 0.000000000000000 82.000000000000000
929 82.000000000000000 0.000000000000000 0.000000000000000 82.000000000000000
930 82.000000000000000 0.000000000000000 0.000000000000000 82.000000000000000
931 82.000000000000000 0.000000000000000 0.000000000000000 82.000000000000000
932 82.000000000000000 0.000000000000000 0.000000000000000 82.000000000000000
933 82.000000000000000 0.000000000000000 0.000000000000000 82.000000000000000
934 82.000000000000000 0.000000000000000 0.000000000000000 82.000000000000000
935 82.000000000000000 0.000000000000000 0.000000000000000 82.000000000000000
936 82.000000000000000 0.000000000000000 0.000000000000000 82.000000000000000
937 82.000000000000000 0.000000000000000 0.000000000000000 82.000000000000000
938 82.000000000000000 0.000000000000000 0.000000000000000 82.000000000000000
939 85.000000000000000 0.000000000000000 0.000000000000000 85.000000000000000
940 85.000000000000000 0.000000000000000 0.000000000000000 85.000000000000000
941 85.000000000000000 0.000000000000000 0.000000000000000 85.000000000000000
942 85.000000000000000 0.000000000000000 0.000000000000000 85.000000000000000
943 85.000000000000000 0.000000000000000 0.000000000000000 85.000000000000000
944 85.000000000000000 0.000000000000000 0.000000000000000 85.000000000000000
945 85.000000000000000 0.000000000000000 0.000000000000000 85.000000000000000
946 85.000000000000000 0.000000000000000 0.000000000000000 85.000000000000000
947 85.000000000000000 0.000000000000000 0.000000000000000 85.000000000000000
948 85.000000000000000 0.000000000000000 0.000000000000000 85.000000000000000
949 85.000000000000000 0.000000000000000 0.000000000000000 85.000000000000000
950 85.000000000000000 0.000000000000000 0.000000000000000 85.000000000000000
951 85.000000000000000 0.000000000000000 0.000000000000000 85.000000000000000
952 85.000000000000000 0.000000000000000 0.000000000000000 85.000000000000000
953 85.000000000000000 0.000000000000000 0.000000000000000 85.000000000000000
954 85.000000000000000 0.000000000000000 0.000000000000000 85.000000000000000
955 85.000000000000000 0.000000000000000 0.000000000000000 85.000000000000000
956 85.000000000000000 0.000000000000000 0.000000000000000 85.000000000000000
957 85.000000000000000 0.000000000000000 0.000000000000000 85.000000000000000
958 85.000000000000000 0.000000000000000 0.000000000000000 85.000000000000000
959 85.000000000000000 0.000000000000000 0.000000000000000 85.000000000000000
960 85.000000000000000 0.000000000000000 0.000000000000000 85.000000000000000
961 85.000000000000000 0.000000000000000 0.000000000000000 85.000000000000000
962 85.000000000000000 0.000000000000000 0.000000000000000 85.000000000000000
963 85.000000000000000 0.000000000000000 0.000000000000000 85.000000000000000
964 85.000000000000000 0.000000000000000 0.000000000000000 85.000000000000000
965 85.000000000000000 0.000000000000000 0.000000000000000 85.000000000000000
966 85.000000000000000 0.000000000000000 0.000000000000000 85.000000000000000
967 85.000000000000000 0.000000000000000 0.000000000000000 85.000000000000000
968 85.000000000000000 0.000000000000000 0.000000000000000 85.000000000000000
969 85.000000000000000 0.000000000000000 0.000000000000000 85.000000000000000
970 85.000000000000000 0.000000000000000 0.000000000000000 85.000000000000000
971 85.000000000000000 0.000000000000000 0.000000000000000 85.000000000000000
972 85.000000000000000 0.000000000000000 0.000000000000000 85.000000000000000
973 85.000000000000000 0.000000000000000 0.000000000000000 85.000000000000000
974 85.000000000000000 0.000000000000000 0.000000000000000 85.000000000000000
975 85.000000000000000 0.000000000000000 0.000000000000000 85.000000000000000
976 85.000000000000000 0.000000000000000 0.000000000000000 85.000000000000000
977 85.000000000000000 0.000000000000000 0.000000000000000 85.000000000000000
978 85.000000000000000 0.000000000000000 0.000000000000000 85.000000000000000
979 85.000000000000000 0.000000000000000 0.000000000000000 85.000000000000000
980 85.000000000000000 0.000000000000000 0.000000000000000 85.000000000000000
981 85.000000000000000 0.000000000000000 0.000000000000000 85.000000000000000
982 85.000000000000000 0.000000000000000 0.000000000000000 85.000000000000000
983 85.000000000000000 0.000000000000000 0.000000000000000 85.000000000000000
984 85.000000000000000 0.000000000000000 0.000000000000000 85.000000000000000
985 85.000000000000000 0.000000000000000 0.000000000000000 85.000000000000000
986 85.000000000000000 0.000000000000000 0.000000000000000 85.000000000000000
987 85.000000000000000 0.000000000000000 0.000000000000000 85.000000000000000
988 85.000000000000000 0.000000000000000 0.000000000000000 85.000000000000000
989 85.000000000000000 0.000000000000000 0.000000000000000 85.000000000000000
990 85.000000000000000 0.000000000000000 0.000000000000000 85.000000000000000
991 85.000000000000000 0.000000000000000 0.000000000000000 85.000000000000000
992 85.000000000000000 0.000000000000000 0.000000000000000 85.000000000000000
993 85.000000000000000 0.000000000000000 0.000000000000000 85.000000000000000
994 85.000000000000000 0.000000000000000 0.000000000000000 85.000000000000000
995 85.000000000000000 0.000000000000000 0.000000000000000 85.000000000000000
996 85.000000000000000 0.000000000000000 0.000000000000000 85.000000000000000
997 85.000000000000000 0.000000000000000 0.000000000000000 85.000000000000000
998 85.000000000000000 0.000000000000000 0.000000000000000 85.000000000000000
999 85.000000000000000 0.000000000000000 0.000000000000000 85.000000000000000
1000 85.000000000000000 0.000000000000000 0.000000000000000 85.000000000000000
85: 0.000000000000000
