0 0.003716724509523 0.000000000000000 0.000001603269029 49.000000000000000
1 0.010222376038376 0.000000000018864 0.000050956599076 58.000000000000000
2 0.247996000064515 0.000000001411593 0.001142017869507 62.000000000000000
3 0.247996000064515 0.000001534660694 0.004876238963999 62.000000000000000
4 0.272576248770181 0.000075320633048 0.028158096869883 65.000000000000000
5 0.272576248770181 0.000459154308101 0.135841312055532 65.000000000000000
6 0.594377510040161 0.001092696483724 0.247996000064515 74.000000000000000
7 0.594377510040161 0.053942068452021 0.272576248770181 74.000000000000000
8 0.594377510040161 0.078976582420604 0.272576248770181 74.000000000000000
9 0.594377510040161 0.594377510040161 0.594377510040161 74.000000000000000
10 0.594377510040161 0.000000450741554 0.007938529039844 74.000000000000000
11 0.594377510040161 0.000000474205461 0.069830072060675 74.000000000000000
12 0.594377510040161 0.000004158479044 0.362897372623022 74.000000000000000
13 0.602409638554217 0.001288564687443 0.594377510040161 75.000000000000000
14 0.602409638554217 0.018452862060968 0.594377510040161 75.000000000000000
15 0.602409638554217 0.013971018557172 0.594377510040161 75.000000000000000
16 0.602409638554217 0.602409638554217 0.602409638554217 75.000000000000000
17 0.602409638554217 0.000000118709797 0.006149252669041 75.000000000000000
18 0.602409638554217 0.000000535782555 0.142308884900095 75.000000000000000
19 0.602409638554217 0.602409638554217 0.602409638554217 75.000000000000000
20 0.602409638554217 0.000000279665132 0.003511622647032 75.000000000000000
21 0.602409638554217 0.000004940370937 0.105768413270288 75.000000000000000
22 0.602409638554217 0.602409638554217 0.602409638554217 75.000000000000000
23 0.602409638554217 0.000000003202130 0.001142007430708 75.000000000000000
24 0.602409638554217 0.000049486554863 0.076851500087705 75.000000000000000
25 0.602409638554217 0.000055248444707 0.343800906436993 75.000000000000000
26 0.602409638554217 0.602409638554217 0.602409638554217 75.000000000000000
27 0.602409638554217 0.000010786055020 0.014876276009234 75.000000000000000
28 0.602409638554217 0.000004940370937 0.152415989663076 75.000000000000000
29 0.602409638554217 0.000938044368788 0.372639150981436 75.000000000000000
30 0.602409638554217 0.602409638554217 0.602409638554217 75.000000000000000
31 0.602409638554217 0.000000005673198 0.008745496961592 75.000000000000000
32 0.602409638554217 0.000002807364535 0.092479648395192 75.000000000000000
33 0.602409638554217 0.000010782183851 0.372639150981436 75.000000000000000
34 0.602409638554217 0.602409638554217 0.602409638554217 75.000000000000000
35 0.602409638554217 0.000000120618989 0.003231805113154 75.000000000000000
36 0.602409638554217 0.000001706057138 0.097709775205558 75.000000000000000
37 0.602409638554217 0.602409638554217 0.602409638554217 75.000000000000000
38 0.602409638554217 0.000000003702695 0.013526350742414 75.000000000000000
39 0.602409638554217 0.000017603857114 0.159395019474035 75.000000000000000
40 0.602409638554217 0.000404627170825 0.594377510040161 75.000000000000000
41 0.602409638554217 0.602409638554217 0.602409638554217 75.000000000000000
42 0.602409638554217 0.000000060897496 0.002218549571336 75.000000000000000
43 0.602409638554217 0.000000199519426 0.031587094954152 75.000000000000000
44 0.602409638554217 0.000001626949465 0.189663218931111 75.000000000000000
45 0.602409638554217 0.602409638554217 0.602409638554217 75.000000000000000
46 0.602409638554217 0.000022989430167 0.007757670736550 75.000000000000000
47 0.602409638554217 0.000001140275501 0.147646211166017 75.000000000000000
48 0.602409638554217 0.000013653371370 0.343800906436993 75.000000000000000
49 0.602409638554217 0.602409638554217 0.602409638554217 75.000000000000000
50 0.602409638554217 0.000000003144484 0.003725038185034 75.000000000000000
51 0.602409638554217 0.000102204140967 0.175282313428161 75.000000000000000
52 0.602409638554217 0.000481489057143 0.598393574297189 75.000000000000000
53 0.602409638554217 0.602409638554217 0.602409638554217 75.000000000000000
54 0.602409638554217 0.000000450741554 0.007034668070539 75.000000000000000
55 0.602409638554217 0.000000044901231 0.081603483050347 75.000000000000000
56 0.602409638554217 0.000492600682615 0.594377510040161 75.000000000000000
57 0.602409638554217 0.602409638554217 0.602409638554217 75.000000000000000
58 0.602409638554217 0.000000183912437 0.001351573664733 75.000000000000000
59 0.602409638554217 0.000002104230974 0.025996177567239 75.000000000000000
60 0.602409638554217 0.000155724361384 0.302737052628183 75.000000000000000
61 0.602409638554217 0.602409638554217 0.602409638554217 75.000000000000000
62 0.602409638554217 0.000000457941968 0.023242449874396 75.000000000000000
63 0.602409638554217 0.000010565246448 0.131694503056693 75.000000000000000
64 0.602409638554217 0.015252253975807 0.594377510040161 75.000000000000000
65 0.602409638554217 0.602409638554217 0.602409638554217 75.000000000000000
66 0.602409638554217 0.000000118709797 0.007432929752574 75.000000000000000
67 0.602409638554217 0.000000056794739 0.083070291155262 75.000000000000000
68 0.602409638554217 0.000138329893413 0.358220028709214 75.000000000000000
69 0.602409638554217 0.602409638554217 0.602409638554217 75.000000000000000
70 0.602409638554217 0.000000005491978 0.009234188386442 75.000000000000000
71 0.602409638554217 0.000000120263839 0.135841312055532 75.000000000000000
72 0.602409638554217 0.602409638554217 0.602409638554217 75.000000000000000
73 0.602409638554217 0.000000032949131 0.003970703194834 75.000000000000000
74 0.602409638554217 0.000014131828035 0.089742399980058 75.000000000000000
75 0.602409638554217 0.000226589905019 0.289866292479154 75.000000000000000
76 0.602409638554217 0.602409638554217 0.602409638554217 75.000000000000000
77 0.602409638554217 0.000000006301538 0.004914501417419 75.000000000000000
78 0.602409638554217 0.000015001858088 0.083872928114735 75.000000000000000
79 0.602409638554217 0.602409638554217 0.602409638554217 75.000000000000000
80 0.602409638554217 0.000000000163792 0.001691229426870 75.000000000000000
81 0.602409638554217 0.000000003144484 0.160024624554248 75.000000000000000
82 0.602409638554217 0.602409638554217 0.602409638554217 75.000000000000000
83 0.602409638554217 0.000002839285998 0.005520164777882 75.000000000000000
84 0.602409638554217 0.000008342383406 0.084319416668438 75.000000000000000
85 0.602409638554217 0.003716724509523 0.272576248770181 75.000000000000000
86 0.602409638554217 0.602409638554217 0.602409638554217 75.000000000000000
87 0.602409638554217 0.000000083406344 0.008900981829030 75.000000000000000
88 0.602409638554217 0.000000388667582 0.124810025866801 75.000000000000000
89 0.602409638554217 0.000185250993872 0.372639150981436 75.000000000000000
90 0.602409638554217 0.602409638554217 0.602409638554217 75.000000000000000
91 0.602409638554217 0.000000028566964 0.014665650585402 75.000000000000000
92 0.602409638554217 0.000067479819810 0.193862399809719 75.000000000000000
93 0.602409638554217 0.000091956359409 0.483508330510798 75.000000000000000
94 0.602409638554217 0.602409638554217 0.602409638554217 75.000000000000000
95 0.602409638554217 0.000000012833169 0.006094487107883 75.000000000000000
96 0.602409638554217 0.000027976330209 0.031902976062175 75.000000000000000
97 0.602409638554217 0.000013755449467 0.343800906436993 75.000000000000000
98 0.602409638554217 0.602409638554217 0.602409638554217 75.000000000000000
99 0.602409638554217 0.000000030671411 0.006293889583158 75.000000000000000
100 0.602409638554217 0.000022325947338 0.079155310203282 75.000000000000000
101 0.602409638554217 0.000044329506926 0.334446218609377 75.000000000000000
102 0.602409638554217 0.602409638554217 0.602409638554217 75.000000000000000
103 0.602409638554217 0.000000098794085 0.006201124625197 75.000000000000000
104 0.602409638554217 0.000006419352944 0.135277219950429 75.000000000000000
105 0.602409638554217 0.000028810927722 0.582329317269076 75.000000000000000
106 0.602409638554217 0.602409638554217 0.602409638554217 75.000000000000000
107 0.602409638554217 0.000000388667582 0.017600384744392 75.000000000000000
108 0.602409638554217 0.000011719427561 0.209796978919047 75.000000000000000
109 0.602409638554217 0.602409638554217 0.602409638554217 75.000000000000000
110 0.602409638554217 0.000000331457353 0.006946768363058 75.000000000000000
111 0.602409638554217 0.000113533785660 0.079155310203282 75.000000000000000
112 0.602409638554217 0.602409638554217 0.602409638554217 75.000000000000000
113 0.602409638554217 0.000000000173296 0.004819235185718 75.000000000000000
114 0.602409638554217 0.000000159027026 0.058973421270890 75.000000000000000
115 0.602409638554217 0.000640825879974 0.372639150981436 75.000000000000000
116 0.602409638554217 0.602409638554217 0.602409638554217 75.000000000000000
117 0.602409638554217 0.000000004141340 0.005338236973393 75.000000000000000
118 0.602409638554217 0.000013875909480 0.079411781701264 75.000000000000000
119 0.602409638554217 0.001290432148314 0.372639150981436 75.000000000000000
120 0.602409638554217 0.602409638554217 0.602409638554217 75.000000000000000
121 0.602409638554217 0.000000049904366 0.003755381585393 75.000000000000000
122 0.602409638554217 0.000010742777369 0.155853426123649 75.000000000000000
123 0.602409638554217 0.000640825879974 0.372639150981436 75.000000000000000
124 0.602409638554217 0.602409638554217 0.602409638554217 75.000000000000000
125 0.602409638554217 0.000000357605822 0.009359030369870 75.000000000000000
126 0.602409638554217 0.000084813708038 0.227474501803929 75.000000000000000
127 0.602409638554217 0.602409638554217 0.602409638554217 75.000000000000000
128 0.602409638554217 0.000000000001808 0.004725034109680 75.000000000000000
129 0.602409638554217 0.000000842172254 0.105768413270288 75.000000000000000
130 0.602409638554217 0.000000842172254 0.334446218609377 75.000000000000000
131 0.602409638554217 0.602409638554217 0.602409638554217 75.000000000000000
132 0.602409638554217 0.000000732890693 0.006906504315369 75.000000000000000
133 0.602409638554217 0.000001626949465 0.081424755267670 75.000000000000000
134 0.602409638554217 0.602409638554217 0.602409638554217 75.000000000000000
135 0.602409638554217 0.000000014160702 0.011106548854165 75.000000000000000
136 0.602409638554217 0.000000883565446 0.181603755710897 75.000000000000000
137 0.602409638554217 0.000235637325008 0.476395542007387 75.000000000000000
138 0.602409638554217 0.602409638554217 0.602409638554217 75.000000000000000
139 0.602409638554217 0.000000228095001 0.004216368204634 75.000000000000000
140 0.602409638554217 0.000035422419176 0.155853426123649 75.000000000000000
141 0.602409638554217 0.000058787509920 0.358220028709214 75.000000000000000
142 0.602409638554217 0.602409638554217 0.602409638554217 75.000000000000000
143 0.602409638554217 0.000000013660317 0.009966832658848 75.000000000000000
144 0.602409638554217 0.000002732736594 0.065566921341360 75.000000000000000
145 0.602409638554217 0.000232631251343 0.298575829422106 75.000000000000000
146 0.602409638554217 0.602409638554217 0.602409638554217 75.000000000000000
147 0.602409638554217 0.000000005413528 0.007514214862231 75.000000000000000
148 0.602409638554217 0.000004916724690 0.081424755267670 75.000000000000000
149 0.602409638554217 0.000291303229056 0.367768261802229 75.000000000000000
150 0.602409638554217 0.602409638554217 0.602409638554217 75.000000000000000
151 0.602409638554217 0.000000008260327 0.004025367373973 75.000000000000000
152 0.602409638554217 0.000015001858088 0.104055691639143 75.000000000000000
153 0.602409638554217 0.000557035890555 0.377574555249109 75.000000000000000
154 0.602409638554217 0.602409638554217 0.602409638554217 75.000000000000000
155 0.602409638554217 0.000000005413528 0.005381379306806 75.000000000000000
156 0.602409638554217 0.000004763213749 0.063292704995508 75.000000000000000
157 0.602409638554217 0.000035422419176 0.334446218609377 75.000000000000000
158 0.602409638554217 0.602409638554217 0.602409638554217 75.000000000000000
159 0.602409638554217 0.000000013660317 0.002506660993542 75.000000000000000
160 0.602409638554217 0.000022561132135 0.074403327240640 75.000000000000000
161 0.602409638554217 0.602409638554217 0.602409638554217 75.000000000000000
162 0.602409638554217 0.000000120263839 0.010884596085011 75.000000000000000
163 0.602409638554217 0.000015001858088 0.142308884900095 75.000000000000000
164 0.602409638554217 0.000792878419334 0.423267366655377 75.000000000000000
165 0.602409638554217 0.602409638554217 0.602409638554217 75.000000000000000
166 0.602409638554217 0.000000159027026 0.007477254785876 75.000000000000000
167 0.602409638554217 0.000006439903040 0.115064427652421 75.000000000000000
168 0.602409638554217 0.000067479819810 0.367768261802229 75.000000000000000
169 0.602409638554217 0.602409638554217 0.602409638554217 75.000000000000000
170 0.602409638554217 0.000000087605945 0.010880097967829 75.000000000000000
171 0.602409638554217 0.000000732890693 0.136894289534652 75.000000000000000
172 0.602409638554217 0.000567739513975 0.372639150981436 75.000000000000000
173 0.602409638554217 0.602409638554217 0.602409638554217 75.000000000000000
174 0.602409638554217 0.000000019256693 0.003791499748890 75.000000000000000
175 0.602409638554217 0.000000120618989 0.065360615695775 75.000000000000000
176 0.602409638554217 0.000481489057143 0.372639150981436 75.000000000000000
177 0.602409638554217 0.602409638554217 0.602409638554217 75.000000000000000
178 0.602409638554217 0.000000124873119 0.008495684701364 75.000000000000000
179 0.602409638554217 0.000002839285998 0.137943297318728 75.000000000000000
180 0.602409638554217 0.000325687348486 0.372639150981436 75.000000000000000
181 0.602409638554217 0.602409638554217 0.602409638554217 75.000000000000000
182 0.602409638554217 0.000003066233496 0.008235117521622 75.000000000000000
183 0.602409638554217 0.000004763213749 0.072063941727149 75.000000000000000
184 0.602409638554217 0.001096377120436 0.598393574297189 75.000000000000000
185 0.602409638554217 0.602409638554217 0.602409638554217 75.000000000000000
186 0.602409638554217 0.000000000017494 0.014611636266490 75.000000000000000
187 0.602409638554217 0.000001597188222 0.147646211166017 75.000000000000000
188 0.602409638554217 0.002074813046361 0.372639150981436 75.000000000000000
189 0.602409638554217 0.602409638554217 0.602409638554217 75.000000000000000
190 0.602409638554217 0.000000083406344 0.006658040772295 75.000000000000000
191 0.602409638554217 0.000188211854309 0.119982851718628 75.000000000000000
192 0.602409638554217 0.602409638554217 0.602409638554217 75.000000000000000
193 0.602409638554217 0.000005795849479 0.004839743903901 75.000000000000000
194 0.602409638554217 0.000000199519426 0.076815924689792 75.000000000000000
195 0.602409638554217 0.602409638554217 0.602409638554217 75.000000000000000
196 0.602409638554217 0.000000167590685 0.005443872978868 75.000000000000000
197 0.602409638554217 0.000003796644211 0.051744648970946 75.000000000000000
198 0.602409638554217 0.000338989897573 0.362897372623022 75.000000000000000
199 0.602409638554217 0.602409638554217 0.602409638554217 75.000000000000000
200 0.602409638554217 0.000000001689207 0.002721695475571 75.000000000000000
201 0.602409638554217 0.000000618127818 0.089108971487624 75.000000000000000
202 0.602409638554217 0.000488174497113 0.334446218609377 75.000000000000000
203 0.602409638554217 0.602409638554217 0.602409638554217 75.000000000000000
204 0.602409638554217 0.000000995149557 0.012238265699517 75.000000000000000
205 0.602409638554217 0.000011771773537 0.121504544566849 75.000000000000000
206 0.602409638554217 0.000044329506926 0.594377510040161 75.000000000000000
207 0.602409638554217 0.602409638554217 0.602409638554217 75.000000000000000
208 0.602409638554217 0.000000295147665 0.018452862060968 75.000000000000000
209 0.602409638554217 0.000390629753321 0.178719749888734 75.000000000000000
210 0.602409638554217 0.000571250511706 0.307736971984323 75.000000000000000
211 0.602409638554217 0.602409638554217 0.602409638554217 75.000000000000000
212 0.602409638554217 0.000000000000429 0.003295072185008 75.000000000000000
213 0.602409638554217 0.000055248444707 0.089742399980058 75.000000000000000
214 0.602409638554217 0.003782497977968 0.232023463282656 75.000000000000000
215 0.602409638554217 0.602409638554217 0.602409638554217 75.000000000000000
216 0.602409638554217 0.000000474666379 0.008852560258375 75.000000000000000
217 0.602409638554217 0.000017603857114 0.111892032590028 75.000000000000000
218 0.602409638554217 0.000404627170825 0.353349139530008 75.000000000000000
219 0.602409638554217 0.602409638554217 0.602409638554217 75.000000000000000
220 0.602409638554217 0.000000000173296 0.007034668070539 75.000000000000000
221 0.602409638554217 0.000000842172254 0.121504544566849 75.000000000000000
222 0.602409638554217 0.000010786055020 0.343800906436993 75.000000000000000
223 0.602409638554217 0.602409638554217 0.602409638554217 75.000000000000000
224 0.602409638554217 0.000000343706273 0.004752293918090 75.000000000000000
225 0.602409638554217 0.000015079423424 0.115026668204505 75.000000000000000
226 0.602409638554217 0.000027976330209 0.343800906436993 75.000000000000000
227 0.602409638554217 0.602409638554217 0.602409638554217 75.000000000000000
228 0.602409638554217 0.000001453074508 0.008495684701364 75.000000000000000
229 0.602409638554217 0.000089980564979 0.097380952306070 75.000000000000000
230 0.602409638554217 0.000232631251343 0.372639150981436 75.000000000000000
231 0.602409638554217 0.602409638554217 0.602409638554217 75.000000000000000
232 0.602409638554217 0.000000002388528 0.006579025558998 75.000000000000000
233 0.602409638554217 0.000011771773537 0.085490172866425 75.000000000000000
234 0.602409638554217 0.000014131828035 0.372639150981436 75.000000000000000
235 0.602409638554217 0.602409638554217 0.602409638554217 75.000000000000000
236 0.602409638554217 0.000001603269029 0.016825450076282 75.000000000000000
237 0.602409638554217 0.000045554422730 0.142308884900095 75.000000000000000
238 0.602409638554217 0.000014131828035 0.353542684795407 75.000000000000000
239 0.602409638554217 0.602409638554217 0.602409638554217 75.000000000000000
240 0.602409638554217 0.000000064236905 0.007106865542185 75.000000000000000
241 0.602409638554217 0.000000255478781 0.117620074660021 75.000000000000000
242 0.602409638554217 0.000003796644211 0.334446218609377 75.000000000000000
243 0.602409638554217 0.602409638554217 0.602409638554217 75.000000000000000
244 0.602409638554217 0.000000255478781 0.003785724985752 75.000000000000000
245 0.602409638554217 0.000009145568789 0.148978553202504 75.000000000000000
246 0.602409638554217 0.002037297783497 0.574297188755020 75.000000000000000
247 0.602409638554217 0.602409638554217 0.602409638554217 75.000000000000000
248 0.602409638554217 0.000000000000110 0.005994699074430 75.000000000000000
249 0.602409638554217 0.000013814041080 0.035896583227977 75.000000000000000
250 0.602409638554217 0.000013814041080 0.298317769068241 75.000000000000000
251 0.602409638554217 0.602409638554217 0.602409638554217 75.000000000000000
252 0.602409638554217 0.000000087605945 0.006094487107883 75.000000000000000
253 0.602409638554217 0.000038903918411 0.121215050263411 75.000000000000000
254 0.602409638554217 0.000028810927722 0.372639150981436 75.000000000000000
255 0.602409638554217 0.602409638554217 0.602409638554217 75.000000000000000
256 0.602409638554217 0.000001603269029 0.018432270177100 75.000000000000000
257 0.602409638554217 0.000010786055020 0.112312561168081 75.000000000000000
258 0.602409638554217 0.000020623763977 0.358220028709214 75.000000000000000
259 0.602409638554217 0.602409638554217 0.602409638554217 75.000000000000000
260 0.602409638554217 0.000000470204157 0.002638832988004 75.000000000000000
261 0.602409638554217 0.000003548150928 0.079334037985959 75.000000000000000
262 0.602409638554217 0.000017517546651 0.343800906436993 75.000000000000000
263 0.602409638554217 0.602409638554217 0.602409638554217 75.000000000000000
264 0.602409638554217 0.000000019256693 0.006137512537385 75.000000000000000
265 0.602409638554217 0.000036454117185 0.115064427652421 75.000000000000000
266 0.602409638554217 0.000571250511706 0.483508330510798 75.000000000000000
267 0.602409638554217 0.602409638554217 0.602409638554217 75.000000000000000
268 0.602409638554217 0.000000005673198 0.004470701157157 75.000000000000000
269 0.602409638554217 0.000000016744191 0.041867103933814 75.000000000000000
270 0.602409638554217 0.000000141065510 0.227474501803929 75.000000000000000
271 0.602409638554217 0.602409638554217 0.602409638554217 75.000000000000000
272 0.602409638554217 0.000000000019493 0.009234188386442 75.000000000000000
273 0.602409638554217 0.000102204140967 0.209984435411037 75.000000000000000
274 0.602409638554217 0.004325696562911 0.372639150981436 75.000000000000000
275 0.602409638554217 0.602409638554217 0.602409638554217 75.000000000000000
276 0.602409638554217 0.000000012459069 0.002408840097783 75.000000000000000
277 0.602409638554217 0.000003162791657 0.079155310203282 75.000000000000000
278 0.602409638554217 0.000224308155135 0.334446218609377 75.000000000000000
279 0.602409638554217 0.602409638554217 0.602409638554217 75.000000000000000
280 0.602409638554217 0.000000014160702 0.006265595076998 75.000000000000000
281 0.602409638554217 0.000000883565446 0.098129860944276 75.000000000000000
282 0.602409638554217 0.602409638554217 0.602409638554217 75.000000000000000
283 0.602409638554217 0.000000044566052 0.003949522737964 75.000000000000000
284 0.602409638554217 0.000014131828035 0.109177925553604 75.000000000000000
285 0.602409638554217 0.602409638554217 0.602409638554217 75.000000000000000
286 0.602409638554217 0.000000474666379 0.010447856708042 75.000000000000000
287 0.602409638554217 0.000000021367226 0.072063941727149 75.000000000000000
288 0.602409638554217 0.002882013739457 0.339123562523185 75.000000000000000
289 0.602409638554217 0.602409638554217 0.602409638554217 75.000000000000000
290 0.602409638554217 0.000000000876769 0.008906089393370 75.000000000000000
291 0.602409638554217 0.000000000097856 0.080286700408133 75.000000000000000
292 0.602409638554217 0.001752854391805 0.334446218609377 75.000000000000000
293 0.602409638554217 0.602409638554217 0.602409638554217 75.000000000000000
294 0.602409638554217 0.000003162791657 0.008591269968415 75.000000000000000
295 0.602409638554217 0.000006458048407 0.181603755710897 75.000000000000000
296 0.602409638554217 0.000109145674493 0.372639150981436 75.000000000000000
297 0.602409638554217 0.602409638554217 0.602409638554217 75.000000000000000
298 0.602409638554217 0.000000450741554 0.003515779484787 75.000000000000000
299 0.602409638554217 0.000002141690435 0.151083647626590 75.000000000000000
300 0.602409638554217 0.000011771773537 0.343800906436993 75.000000000000000
301 0.602409638554217 0.602409638554217 0.602409638554217 75.000000000000000
302 0.602409638554217 0.000000009233678 0.013345766346129 75.000000000000000
303 0.602409638554217 0.000001603269029 0.120849539681641 75.000000000000000
304 0.602409638554217 0.003716724509523 0.372639150981436 75.000000000000000
305 0.602409638554217 0.602409638554217 0.602409638554217 75.000000000000000
306 0.602409638554217 0.000000000843557 0.009209435815386 75.000000000000000
307 0.602409638554217 0.000010967009919 0.060317729656148 75.000000000000000
308 0.602409638554217 0.000939981620163 0.343800906436993 75.000000000000000
309 0.602409638554217 0.602409638554217 0.602409638554217 75.000000000000000
310 0.602409638554217 0.000000567984076 0.016069787043616 75.000000000000000
311 0.602409638554217 0.000043833604214 0.148978553202504 75.000000000000000
312 0.602409638554217 0.000091956359409 0.372639150981436 75.000000000000000
313 0.602409638554217 0.602409638554217 0.602409638554217 75.000000000000000
314 0.602409638554217 0.000000000509005 0.005997409818185 75.000000000000000
315 0.602409638554217 0.000001341785906 0.095468703898348 75.000000000000000
316 0.602409638554217 0.001685018100100 0.268415025564104 75.000000000000000
317 0.602409638554217 0.001935556141315 0.372639150981436 75.000000000000000
318 0.602409638554217 0.602409638554217 0.602409638554217 75.000000000000000
319 0.602409638554217 0.000000068498807 0.006658040772295 75.000000000000000
320 0.602409638554217 0.000000883565446 0.088608753492705 75.000000000000000
321 0.602409638554217 0.602409638554217 0.602409638554217 75.000000000000000
322 0.602409638554217 0.000000000876769 0.003303525962245 75.000000000000000
323 0.602409638554217 0.000000341662876 0.049768119059557 75.000000000000000
324 0.602409638554217 0.000013875909480 0.276801987064725 75.000000000000000
325 0.602409638554217 0.602409638554217 0.602409638554217 75.000000000000000
326 0.602409638554217 0.000000011086052 0.008799026096588 75.000000000000000
327 0.602409638554217 0.000001262750313 0.131694503056693 75.000000000000000
328 0.602409638554217 0.000008139215805 0.372639150981436 75.000000000000000
329 0.602409638554217 0.602409638554217 0.602409638554217 75.000000000000000
330 0.602409638554217 0.000000027442826 0.003372239799556 75.000000000000000
331 0.602409638554217 0.000017517546651 0.083872928114735 75.000000000000000
332 0.602409638554217 0.000185250993872 0.260286124417348 75.000000000000000
333 0.602409638554217 0.602409638554217 0.602409638554217 75.000000000000000
334 0.602409638554217 0.000010782183851 0.008698333265197 75.000000000000000
335 0.602409638554217 0.000084813708038 0.152415989663076 75.000000000000000
336 0.602409638554217 0.000084813708038 0.372639150981436 75.000000000000000
337 0.602409638554217 0.602409638554217 0.602409638554217 75.000000000000000
338 0.602409638554217 0.000000781086400 0.006202887234860 75.000000000000000
339 0.602409638554217 0.000038056743526 0.148978553202504 75.000000000000000
340 0.602409638554217 0.005951673644928 0.372639150981436 75.000000000000000
341 0.602409638554217 0.602409638554217 0.602409638554217 75.000000000000000
342 0.602409638554217 0.000003796644211 0.011169527837922 75.000000000000000
343 0.602409638554217 0.000011719427561 0.074403327240640 75.000000000000000
344 0.602409638554217 0.001675519183630 0.272576248770181 75.000000000000000
345 0.602409638554217 0.602409638554217 0.602409638554217 75.000000000000000
346 0.602409638554217 0.000000008449368 0.002434645220779 75.000000000000000
347 0.602409638554217 0.000000038319765 0.079155310203282 75.000000000000000
348 0.602409638554217 0.000805938933722 0.372639150981436 75.000000000000000
349 0.602409638554217 0.602409638554217 0.602409638554217 75.000000000000000
350 0.602409638554217 0.000000005491978 0.006635984320689 75.000000000000000
351 0.602409638554217 0.000000450741554 0.079155310203282 75.000000000000000
352 0.602409638554217 0.602409638554217 0.602409638554217 75.000000000000000
353 0.602409638554217 0.000000068498807 0.004216368204634 75.000000000000000
354 0.602409638554217 0.000210258643326 0.145643719051299 75.000000000000000
355 0.602409638554217 0.602409638554217 0.602409638554217 75.000000000000000
356 0.602409638554217 0.000000326457916 0.007126770372091 75.000000000000000
357 0.602409638554217 0.000000326457916 0.151521247454161 75.000000000000000
358 0.602409638554217 0.002506660993542 0.594377510040161 75.000000000000000
359 0.602409638554217 0.602409638554217 0.602409638554217 75.000000000000000
360 0.602409638554217 0.000000326457916 0.009193395219342 75.000000000000000
361 0.602409638554217 0.000000120618989 0.123885894387412 75.000000000000000
362 0.602409638554217 0.602409638554217 0.602409638554217 75.000000000000000
363 0.602409638554217 0.000000326457916 0.023864066291871 75.000000000000000
364 0.602409638554217 0.000008378033220 0.151521247454161 75.000000000000000
365 0.602409638554217 0.000640825879974 0.372639150981436 75.000000000000000
366 0.602409638554217 0.602409638554217 0.602409638554217 75.000000000000000
367 0.602409638554217 0.000000000054359 0.006846354421417 75.000000000000000
368 0.602409638554217 0.000006470272376 0.167803745100885 75.000000000000000
369 0.602409638554217 0.602409638554217 0.602409638554217 75.000000000000000
370 0.602409638554217 0.000000331457353 0.007210377320975 75.000000000000000
371 0.602409638554217 0.000000006301538 0.053966316021776 75.000000000000000
372 0.602409638554217 0.000000001330551 0.334446218609377 75.000000000000000
373 0.602409638554217 0.008495684701364 0.598393574297189 75.000000000000000
374 0.602409638554217 0.602409638554217 0.602409638554217 75.000000000000000
375 0.602409638554217 0.000000051342985 0.012519828382904 75.000000000000000
376 0.602409638554217 0.000185250993872 0.170660286668521 75.000000000000000
377 0.602409638554217 0.000459154308101 0.343800906436993 75.000000000000000
378 0.602409638554217 0.602409638554217 0.602409638554217 75.000000000000000
379 0.602409638554217 0.000000000593627 0.017621115131341 75.000000000000000
380 0.602409638554217 0.000000083406344 0.141077590592531 75.000000000000000
381 0.602409638554217 0.000038830372355 0.372639150981436 75.000000000000000
382 0.602409638554217 0.602409638554217 0.602409638554217 75.000000000000000
383 0.602409638554217 0.000000210822679 0.003472374647707 75.000000000000000
384 0.602409638554217 0.000000210822679 0.074297811393624 75.000000000000000
385 0.602409638554217 0.000093774830219 0.267445096914812 75.000000000000000
386 0.602409638554217 0.602409638554217 0.602409638554217 75.000000000000000
387 0.602409638554217 0.000000068498807 0.004272364692702 75.000000000000000
388 0.602409638554217 0.000028184342411 0.120713499325018 75.000000000000000
389 0.602409638554217 0.000281873583173 0.598393574297189 75.000000000000000
390 0.602409638554217 0.602409638554217 0.602409638554217 75.000000000000000
391 0.602409638554217 0.000000105490863 0.005937282085939 75.000000000000000
392 0.602409638554217 0.000000118709797 0.056031189313547 75.000000000000000
393 0.602409638554217 0.000086010193654 0.594377510040161 75.000000000000000
394 0.602409638554217 0.602409638554217 0.602409638554217 75.000000000000000
395 0.602409638554217 0.000001568882917 0.008852560258375 75.000000000000000
396 0.602409638554217 0.000047411620828 0.123500016096385 75.000000000000000
397 0.602409638554217 0.000156957758306 0.272576248770181 75.000000000000000
398 0.602409638554217 0.602409638554217 0.602409638554217 75.000000000000000
399 0.602409638554217 0.000000064236905 0.004325696562911 75.000000000000000
400 0.602409638554217 0.000002104230974 0.076637196907114 75.000000000000000
401 0.602409638554217 0.000640825879974 0.222251629702306 75.000000000000000
402 0.602409638554217 0.602409638554217 0.602409638554217 75.000000000000000
403 0.602409638554217 0.000000003702695 0.010280055632702 75.000000000000000
404 0.602409638554217 0.000030397176874 0.125357104993138 75.000000000000000
405 0.602409638554217 0.000404627170825 0.372639150981436 75.000000000000000
406 0.602409638554217 0.602409638554217 0.602409638554217 75.000000000000000
407 0.602409638554217 0.000000000075103 0.007658113089169 75.000000000000000
408 0.602409638554217 0.000000000075103 0.074297811393624 75.000000000000000
409 0.602409638554217 0.000044329506926 0.471460137739714 75.000000000000000
410 0.602409638554217 0.602409638554217 0.602409638554217 75.000000000000000
411 0.602409638554217 0.000000006880943 0.007919841501212 75.000000000000000
412 0.602409638554217 0.000027976330209 0.142308884900095 75.000000000000000
413 0.602409638554217 0.000561142227218 0.367768261802229 75.000000000000000
414 0.602409638554217 0.602409638554217 0.602409638554217 75.000000000000000
415 0.602409638554217 0.000000199519426 0.014167390002845 75.000000000000000
416 0.602409638554217 0.000013814041080 0.099934341321993 75.000000000000000
417 0.602409638554217 0.001078579459596 0.372639150981436 75.000000000000000
418 0.602409638554217 0.602409638554217 0.602409638554217 75.000000000000000
419 0.602409638554217 0.000000005413528 0.015061405921425 75.000000000000000
420 0.602409638554217 0.000001603269029 0.129572725507925 75.000000000000000
421 0.602409638554217 0.000543274943768 0.339123562523185 75.000000000000000
422 0.602409638554217 0.602409638554217 0.602409638554217 75.000000000000000
423 0.602409638554217 0.000000064236905 0.008207763101288 75.000000000000000
424 0.602409638554217 0.000001262750313 0.159604887834106 75.000000000000000
425 0.602409638554217 0.006237300570839 0.372639150981436 75.000000000000000
426 0.602409638554217 0.602409638554217 0.602409638554217 75.000000000000000
427 0.602409638554217 0.000000120618989 0.009364707407920 75.000000000000000
428 0.602409638554217 0.000000238314340 0.147646211166017 75.000000000000000
429 0.602409638554217 0.000001140275501 0.343800906436993 75.000000000000000
430 0.602409638554217 0.602409638554217 0.602409638554217 75.000000000000000
431 0.602409638554217 0.000000331457353 0.002707828970858 75.000000000000000
432 0.602409638554217 0.000000000322426 0.058655785156153 75.000000000000000
433 0.602409638554217 0.000317519839592 0.343800906436993 75.000000000000000
434 0.602409638554217 0.602409638554217 0.602409638554217 75.000000000000000
435 0.602409638554217 0.000000012459069 0.003500174047499 75.000000000000000
436 0.602409638554217 0.000000041000171 0.041867103933814 75.000000000000000
437 0.602409638554217 0.000465410964999 0.307156336188126 75.000000000000000
438 0.602409638554217 0.602409638554217 0.602409638554217 75.000000000000000
439 0.602409638554217 0.000000326457916 0.006778340560199 75.000000000000000
440 0.602409638554217 0.000030397176874 0.142308884900095 75.000000000000000
441 0.602409638554217 0.006778340560199 0.307156336188126 75.000000000000000
442 0.602409638554217 0.602409638554217 0.602409638554217 75.000000000000000
443 0.602409638554217 0.000003162791657 0.003755381585393 75.000000000000000
444 0.602409638554217 0.000044329506926 0.097863600628423 75.000000000000000
445 0.602409638554217 0.000390629753321 0.362897372623022 75.000000000000000
446 0.602409638554217 0.602409638554217 0.602409638554217 75.000000000000000
447 0.602409638554217 0.000000028566964 0.008495684701364 75.000000000000000
448 0.602409638554217 0.000000008260327 0.135277219950429 75.000000000000000
449 0.602409638554217 0.000109145674493 0.372639150981436 75.000000000000000
450 0.602409638554217 0.602409638554217 0.602409638554217 75.000000000000000
451 0.602409638554217 0.000000008596548 0.005308892766931 75.000000000000000
452 0.602409638554217 0.000002139805012 0.076580427411681 75.000000000000000
453 0.602409638554217 0.000138329893413 0.382509959516782 75.000000000000000
454 0.602409638554217 0.602409638554217 0.602409638554217 75.000000000000000
455 0.602409638554217 0.000000044566052 0.011765816985900 75.000000000000000
456 0.602409638554217 0.000000008260327 0.086433209728294 75.000000000000000
457 0.602409638554217 0.000000044566052 0.594377510040161 75.000000000000000
458 0.602409638554217 0.602409638554217 0.602409638554217 75.000000000000000
459 0.602409638554217 0.000000016466172 0.018470398362838 75.000000000000000
460 0.602409638554217 0.000004916724690 0.114737173901066 75.000000000000000
461 0.602409638554217 0.000055248444707 0.294092030773697 75.000000000000000
462 0.602409638554217 0.602409638554217 0.602409638554217 75.000000000000000
463 0.602409638554217 0.000000005942544 0.008745496961592 75.000000000000000
464 0.602409638554217 0.000002391389088 0.074241041898190 75.000000000000000
465 0.602409638554217 0.602409638554217 0.602409638554217 75.000000000000000
466 0.602409638554217 0.000000247240234 0.011058438507792 75.000000000000000
467 0.602409638554217 0.000044329506926 0.146313869129530 75.000000000000000
468 0.602409638554217 0.000000883565446 0.377574555249109 75.000000000000000
469 0.602409638554217 0.602409638554217 0.602409638554217 75.000000000000000
470 0.602409638554217 0.000000060897496 0.007658113089169 75.000000000000000
471 0.602409638554217 0.000125062388472 0.053114833524707 75.000000000000000
472 0.602409638554217 0.001883653611518 0.307156336188126 75.000000000000000
473 0.602409638554217 0.602409638554217 0.602409638554217 75.000000000000000
474 0.602409638554217 0.000000000218312 0.007034668070539 75.000000000000000
475 0.602409638554217 0.000068584204693 0.121504544566849 75.000000000000000
476 0.602409638554217 0.000338989897573 0.594377510040161 75.000000000000000
477 0.602409638554217 0.602409638554217 0.602409638554217 75.000000000000000
478 0.602409638554217 0.000000068498807 0.004216368204634 75.000000000000000
479 0.602409638554217 0.000000247240234 0.047904586192918 75.000000000000000
480 0.602409638554217 0.000167741109677 0.343800906436993 75.000000000000000
481 0.602409638554217 0.602409638554217 0.602409638554217 75.000000000000000
482 0.602409638554217 0.000000000173296 0.006778340560199 75.000000000000000
483 0.602409638554217 0.000156957758306 0.121504544566849 75.000000000000000
484 0.602409638554217 0.000557035890555 0.339123562523185 75.000000000000000
485 0.602409638554217 0.602409638554217 0.602409638554217 75.000000000000000
486 0.602409638554217 0.000000124873119 0.007105635156387 75.000000000000000
487 0.602409638554217 0.000084813708038 0.106426059069264 75.000000000000000
488 0.602409638554217 0.000030849120183 0.362897372623022 75.000000000000000
489 0.602409638554217 0.602409638554217 0.602409638554217 75.000000000000000
490 0.602409638554217 0.000000068498807 0.011765816985900 75.000000000000000
491 0.602409638554217 0.000022192875231 0.178719749888734 75.000000000000000
492 0.602409638554217 0.000662394698766 0.372639150981436 75.000000000000000
493 0.602409638554217 0.602409638554217 0.602409638554217 75.000000000000000
494 0.602409638554217 0.000000012459069 0.009372374783576 75.000000000000000
495 0.602409638554217 0.000000653688647 0.074241041898190 75.000000000000000
496 0.602409638554217 0.000000653688647 0.339123562523185 75.000000000000000
497 0.602409638554217 0.602409638554217 0.602409638554217 75.000000000000000
498 0.602409638554217 0.000000060897496 0.004271032383773 75.000000000000000
499 0.602409638554217 0.000000618127818 0.087628606920202 75.000000000000000
100 0.602409638554217 0.000043833604214 0.598393574297189 75.000000000000000
